# ['# x', 'y', 'z', 'rmsCpHF']
7.380797007024999211e-03 7.448299999999999366e-02 -1.499998087704999816e-01 1.748635060929999985e-01
1.838563121343999782e-02 7.448299999999999366e-02 -1.500001076115000109e-01 1.672243788289999866e-01
4.014831399658000399e-02 7.448299999999999366e-02 -1.500003910852000244e-01 1.557713990390000025e-01
7.218345034622000722e-02 7.448299999999999366e-02 -1.499993614841000078e-01 1.490796839290000064e-01
1.137753190933999958e-01 7.448299999999999366e-02 -1.499997036386999938e-01 1.426148055070000087e-01
1.639948756485000159e-01 7.448299999999999366e-02 -1.500003449624000007e-01 1.367533605660000151e-01
2.217199951805999825e-01 7.448299999999999366e-02 -1.500003559238999862e-01 1.310302029629999976e-01
2.856609548515999797e-01 7.448299999999999366e-02 -1.499997598385000019e-01 1.257552246140000163e-01
3.543909085900999734e-01 7.448299999999999366e-02 -1.500000696409999890e-01 1.206837285229999945e-01
4.263732711851999646e-01 7.448299999999999366e-02 -1.499995856064000044e-01 1.150478606809999943e-01
5.000001530251999560e-01 7.448299999999999366e-02 -1.500003069919000065e-01 1.097331165929999880e-01
5.736271581220000471e-01 7.448299999999999366e-02 -1.499996195454000036e-01 1.046677722189999910e-01
6.456087546725999271e-01 7.448299999999999366e-02 -1.499997782983999994e-01 9.979449354900001012e-02
7.143387084111999519e-01 7.448299999999999366e-02 -1.500000881008999865e-01 9.486906507899998953e-02
7.782803108697999850e-01 7.448299999999999366e-02 -1.500002580598999991e-01 9.112195400599999717e-02
8.360054304019000071e-01 7.448299999999999366e-02 -1.500002690214999879e-01 8.770125847999998836e-02
8.862243441693999912e-01 7.448299999999999366e-02 -1.500001443007000224e-01 8.626153222100001183e-02
9.278169789610000162e-01 7.448299999999999366e-02 -1.499998436677000002e-01 8.659474537499999014e-02
9.598519920538001182e-01 7.448299999999999366e-02 -1.500002228987000197e-01 9.045546761900000177e-02
9.816140320493000893e-01 7.448299999999999366e-02 -1.499997403279000052e-01 1.057945606390000015e-01
9.926188662556999498e-01 7.448299999999999366e-02 -1.500000391688999790e-01 1.281437207919999821e-01
7.380797007024999211e-03 2.230330000000000090e-01 -1.499998087704999816e-01 1.885032545149999961e-01
1.838563121343999782e-02 2.230330000000000090e-01 -1.500001076115000109e-01 1.800404996709999705e-01
4.014831399658000399e-02 2.230330000000000090e-01 -1.500003910852000244e-01 1.686527536740000111e-01
7.218345034622000722e-02 2.230330000000000090e-01 -1.499993614841000078e-01 1.598506769520000037e-01
1.137753190933999958e-01 2.230330000000000090e-01 -1.499997036386999938e-01 1.504405100150000008e-01
1.639948756485000159e-01 2.230330000000000090e-01 -1.500003449624000007e-01 1.418501113139999936e-01
2.217199951805999825e-01 2.230330000000000090e-01 -1.500003559238999862e-01 1.342453975050000026e-01
2.856609548515999797e-01 2.230330000000000090e-01 -1.499997598385000019e-01 1.268564017169999947e-01
3.543909085900999734e-01 2.230330000000000090e-01 -1.500000696409999890e-01 1.202331817349999998e-01
4.263732711851999646e-01 2.230330000000000090e-01 -1.499995856064000044e-01 1.138158445470000002e-01
5.000001530251999560e-01 2.230330000000000090e-01 -1.500003069919000065e-01 1.081785740080000030e-01
5.736271581220000471e-01 2.230330000000000090e-01 -1.499996195454000036e-01 1.027568917420000061e-01
6.456087546725999271e-01 2.230330000000000090e-01 -1.499997782983999994e-01 9.766546893400000762e-02
7.143387084111999519e-01 2.230330000000000090e-01 -1.500000881008999865e-01 9.310500923499999415e-02
7.782803108697999850e-01 2.230330000000000090e-01 -1.500002580598999991e-01 8.903100247799999867e-02
8.360054304019000071e-01 2.230330000000000090e-01 -1.500002690214999879e-01 8.627580952099998812e-02
8.862243441693999912e-01 2.230330000000000090e-01 -1.500001443007000224e-01 8.479871755499999997e-02
9.278169789610000162e-01 2.230330000000000090e-01 -1.499998436677000002e-01 8.565641727299999619e-02
9.598519920538001182e-01 2.230330000000000090e-01 -1.500002228987000197e-01 9.096319370300000318e-02
9.816140320493000893e-01 2.230330000000000090e-01 -1.499997403279000052e-01 1.116200657819999970e-01
9.926188662556999498e-01 2.230330000000000090e-01 -1.500000391688999790e-01 1.407000966620000071e-01
7.380797007024999211e-03 3.703359999999999985e-01 -1.499998087704999816e-01 1.968428409849999894e-01
1.838563121343999782e-02 3.703359999999999985e-01 -1.500001076115000109e-01 1.875729321660000171e-01
4.014831399658000399e-02 3.703359999999999985e-01 -1.500003910852000244e-01 1.762937768010000017e-01
7.218345034622000722e-02 3.703359999999999985e-01 -1.499993614841000078e-01 1.660675314600000008e-01
1.137753190933999958e-01 3.703359999999999985e-01 -1.499997036386999938e-01 1.559860186550000027e-01
1.639948756485000159e-01 3.703359999999999985e-01 -1.500003449624000007e-01 1.471184520209999902e-01
2.217199951805999825e-01 3.703359999999999985e-01 -1.500003559238999862e-01 1.391212746250000132e-01
2.856609548515999797e-01 3.703359999999999985e-01 -1.499997598385000019e-01 1.317665803370000055e-01
3.543909085900999734e-01 3.703359999999999985e-01 -1.500000696409999890e-01 1.244537413240000001e-01
4.263732711851999646e-01 3.703359999999999985e-01 -1.499995856064000044e-01 1.174113706020000064e-01
5.000001530251999560e-01 3.703359999999999985e-01 -1.500003069919000065e-01 1.109590771720000008e-01
5.736271581220000471e-01 3.703359999999999985e-01 -1.499996195454000036e-01 1.054522662429999980e-01
6.456087546725999271e-01 3.703359999999999985e-01 -1.499997782983999994e-01 1.009596345429999986e-01
7.143387084111999519e-01 3.703359999999999985e-01 -1.500000881008999865e-01 9.681350861199999880e-02
7.782803108697999850e-01 3.703359999999999985e-01 -1.500002580598999991e-01 9.363361277499999968e-02
8.360054304019000071e-01 3.703359999999999985e-01 -1.500002690214999879e-01 9.119049062000000871e-02
8.862243441693999912e-01 3.703359999999999985e-01 -1.500001443007000224e-01 8.953527388800000542e-02
9.278169789610000162e-01 3.703359999999999985e-01 -1.499998436677000002e-01 8.973461112699999964e-02
9.598519920538001182e-01 3.703359999999999985e-01 -1.500002228987000197e-01 9.373440759199999639e-02
9.816140320493000893e-01 3.703359999999999985e-01 -1.499997403279000052e-01 1.094392543659999939e-01
9.926188662556999498e-01 3.703359999999999985e-01 -1.500000391688999790e-01 1.411485530399999855e-01
7.380797007024999211e-03 5.155680000000000263e-01 -1.499998087704999816e-01 2.006627266030000245e-01
1.838563121343999782e-02 5.155680000000000263e-01 -1.500001076115000109e-01 1.915613711890000181e-01
4.014831399658000399e-02 5.155680000000000263e-01 -1.500003910852000244e-01 1.782995872219999833e-01
7.218345034622000722e-02 5.155680000000000263e-01 -1.499993614841000078e-01 1.668140931390000026e-01
1.137753190933999958e-01 5.155680000000000263e-01 -1.499997036386999938e-01 1.564776555869999974e-01
1.639948756485000159e-01 5.155680000000000263e-01 -1.500003449624000007e-01 1.472361530269999941e-01
2.217199951805999825e-01 5.155680000000000263e-01 -1.500003559238999862e-01 1.388862941139999974e-01
2.856609548515999797e-01 5.155680000000000263e-01 -1.499997598385000019e-01 1.316020629599999880e-01
3.543909085900999734e-01 5.155680000000000263e-01 -1.500000696409999890e-01 1.247522531650000072e-01
4.263732711851999646e-01 5.155680000000000263e-01 -1.499995856064000044e-01 1.185880134369999978e-01
5.000001530251999560e-01 5.155680000000000263e-01 -1.500003069919000065e-01 1.138196182219999991e-01
5.736271581220000471e-01 5.155680000000000263e-01 -1.499996195454000036e-01 1.084304398579999940e-01
6.456087546725999271e-01 5.155680000000000263e-01 -1.499997782983999994e-01 1.036476465669999986e-01
7.143387084111999519e-01 5.155680000000000263e-01 -1.500000881008999865e-01 9.918248980200000675e-02
7.782803108697999850e-01 5.155680000000000263e-01 -1.500002580598999991e-01 9.594343092700001463e-02
8.360054304019000071e-01 5.155680000000000263e-01 -1.500002690214999879e-01 9.285969678400000926e-02
8.862243441693999912e-01 5.155680000000000263e-01 -1.500001443007000224e-01 9.089086123799999806e-02
9.278169789610000162e-01 5.155680000000000263e-01 -1.499998436677000002e-01 9.032596652100000068e-02
9.598519920538001182e-01 5.155680000000000263e-01 -1.500002228987000197e-01 9.342709776600000016e-02
9.816140320493000893e-01 5.155680000000000263e-01 -1.499997403279000052e-01 1.141303291929999936e-01
9.926188662556999498e-01 5.155680000000000263e-01 -1.500000391688999790e-01 1.465915568239999911e-01
7.380797007024999211e-03 6.579159999999999453e-01 -1.499998087704999816e-01 1.998263797729999958e-01
1.838563121343999782e-02 6.579159999999999453e-01 -1.500001076115000109e-01 1.908897367810000190e-01
4.014831399658000399e-02 6.579159999999999453e-01 -1.500003910852000244e-01 1.785519734389999780e-01
7.218345034622000722e-02 6.579159999999999453e-01 -1.499993614841000078e-01 1.669981034330000058e-01
1.137753190933999958e-01 6.579159999999999453e-01 -1.499997036386999938e-01 1.568439275650000131e-01
1.639948756485000159e-01 6.579159999999999453e-01 -1.500003449624000007e-01 1.481864129209999881e-01
2.217199951805999825e-01 6.579159999999999453e-01 -1.500003559238999862e-01 1.400432833899999951e-01
2.856609548515999797e-01 6.579159999999999453e-01 -1.499997598385000019e-01 1.331946142640000053e-01
3.543909085900999734e-01 6.579159999999999453e-01 -1.500000696409999890e-01 1.264457434229999955e-01
4.263732711851999646e-01 6.579159999999999453e-01 -1.499995856064000044e-01 1.202172848269999900e-01
5.000001530251999560e-01 6.579159999999999453e-01 -1.500003069919000065e-01 1.147941371800000054e-01
5.736271581220000471e-01 6.579159999999999453e-01 -1.499996195454000036e-01 1.097774344930000090e-01
6.456087546725999271e-01 6.579159999999999453e-01 -1.499997782983999994e-01 1.053068502659999933e-01
7.143387084111999519e-01 6.579159999999999453e-01 -1.500000881008999865e-01 1.010024736629999975e-01
7.782803108697999850e-01 6.579159999999999453e-01 -1.500002580598999991e-01 9.763220540200000241e-02
8.360054304019000071e-01 6.579159999999999453e-01 -1.500002690214999879e-01 9.479412638100000177e-02
8.862243441693999912e-01 6.579159999999999453e-01 -1.500001443007000224e-01 9.271976618600000219e-02
9.278169789610000162e-01 6.579159999999999453e-01 -1.499998436677000002e-01 9.105402796099999752e-02
9.598519920538001182e-01 6.579159999999999453e-01 -1.500002228987000197e-01 9.333760485999999246e-02
9.816140320493000893e-01 6.579159999999999453e-01 -1.499997403279000052e-01 1.107187987040000043e-01
9.926188662556999498e-01 6.579159999999999453e-01 -1.500000391688999790e-01 1.480328129659999881e-01
7.380797007024999211e-03 7.965849999999999875e-01 -1.499998087704999816e-01 1.977520562170000107e-01
1.838563121343999782e-02 7.965849999999999875e-01 -1.500001076115000109e-01 1.872925929569999870e-01
4.014831399658000399e-02 7.965849999999999875e-01 -1.500003910852000244e-01 1.750946888259999890e-01
7.218345034622000722e-02 7.965849999999999875e-01 -1.499993614841000078e-01 1.638359113110000043e-01
1.137753190933999958e-01 7.965849999999999875e-01 -1.499997036386999938e-01 1.547961105679999949e-01
1.639948756485000159e-01 7.965849999999999875e-01 -1.500003449624000007e-01 1.454412007910000082e-01
2.217199951805999825e-01 7.965849999999999875e-01 -1.500003559238999862e-01 1.379029253390000043e-01
2.856609548515999797e-01 7.965849999999999875e-01 -1.499997598385000019e-01 1.310023566830000041e-01
3.543909085900999734e-01 7.965849999999999875e-01 -1.500000696409999890e-01 1.248797404299999969e-01
4.263732711851999646e-01 7.965849999999999875e-01 -1.499995856064000044e-01 1.191720050439999956e-01
5.000001530251999560e-01 7.965849999999999875e-01 -1.500003069919000065e-01 1.144624396169999919e-01
5.736271581220000471e-01 7.965849999999999875e-01 -1.499996195454000036e-01 1.097410859740000078e-01
6.456087546725999271e-01 7.965849999999999875e-01 -1.499997782983999994e-01 1.054993617400000055e-01
7.143387084111999519e-01 7.965849999999999875e-01 -1.500000881008999865e-01 1.013372307499999930e-01
7.782803108697999850e-01 7.965849999999999875e-01 -1.500002580598999991e-01 9.784391412100000573e-02
8.360054304019000071e-01 7.965849999999999875e-01 -1.500002690214999879e-01 9.492651129799999088e-02
8.862243441693999912e-01 7.965849999999999875e-01 -1.500001443007000224e-01 9.216690199600000022e-02
9.278169789610000162e-01 7.965849999999999875e-01 -1.499998436677000002e-01 9.025278612800000100e-02
9.598519920538001182e-01 7.965849999999999875e-01 -1.500002228987000197e-01 9.201523756200000181e-02
9.816140320493000893e-01 7.965849999999999875e-01 -1.499997403279000052e-01 1.062381290839999881e-01
9.926188662556999498e-01 7.965849999999999875e-01 -1.500000391688999790e-01 1.462448048340000140e-01
7.380797007024999211e-03 9.307990000000000430e-01 -1.499998087704999816e-01 1.982814407939999801e-01
1.838563121343999782e-02 9.307990000000000430e-01 -1.500001076115000109e-01 1.911006111770000016e-01
4.014831399658000399e-02 9.307990000000000430e-01 -1.500003910852000244e-01 1.757434729720000199e-01
7.218345034622000722e-02 9.307990000000000430e-01 -1.499993614841000078e-01 1.635783780199999982e-01
1.137753190933999958e-01 9.307990000000000430e-01 -1.499997036386999938e-01 1.527637438580000118e-01
1.639948756485000159e-01 9.307990000000000430e-01 -1.500003449624000007e-01 1.441716223199999980e-01
2.217199951805999825e-01 9.307990000000000430e-01 -1.500003559238999862e-01 1.364573169649999917e-01
2.856609548515999797e-01 9.307990000000000430e-01 -1.499997598385000019e-01 1.300499202750000083e-01
3.543909085900999734e-01 9.307990000000000430e-01 -1.500000696409999890e-01 1.245255979590000062e-01
4.263732711851999646e-01 9.307990000000000430e-01 -1.499995856064000044e-01 1.195740039450000070e-01
5.000001530251999560e-01 9.307990000000000430e-01 -1.500003069919000065e-01 1.146893109359999885e-01
5.736271581220000471e-01 9.307990000000000430e-01 -1.499996195454000036e-01 1.099306960299999969e-01
6.456087546725999271e-01 9.307990000000000430e-01 -1.499997782983999994e-01 1.053779416750000031e-01
7.143387084111999519e-01 9.307990000000000430e-01 -1.500000881008999865e-01 1.011572196649999922e-01
7.782803108697999850e-01 9.307990000000000430e-01 -1.500002580598999991e-01 9.791021995599999417e-02
8.360054304019000071e-01 9.307990000000000430e-01 -1.500002690214999879e-01 9.493010789599999610e-02
8.862243441693999912e-01 9.307990000000000430e-01 -1.500001443007000224e-01 9.213614615300000366e-02
9.278169789610000162e-01 9.307990000000000430e-01 -1.499998436677000002e-01 9.047773310199999641e-02
9.598519920538001182e-01 9.307990000000000430e-01 -1.500002228987000197e-01 9.185351762099999706e-02
9.816140320493000893e-01 9.307990000000000430e-01 -1.499997403279000052e-01 1.083667432430000105e-01
9.926188662556999498e-01 9.307990000000000430e-01 -1.500000391688999790e-01 1.432000118679999934e-01
7.380797007024999211e-03 1.059808000000000083e+00 -1.499998087704999816e-01 1.975208394009999868e-01
1.838563121343999782e-02 1.059808000000000083e+00 -1.500001076115000109e-01 1.888521386160000037e-01
4.014831399658000399e-02 1.059808000000000083e+00 -1.500003910852000244e-01 1.748372381610000248e-01
7.218345034622000722e-02 1.059808000000000083e+00 -1.499993614841000078e-01 1.616965189010000081e-01
1.137753190933999958e-01 1.059808000000000083e+00 -1.499997036386999938e-01 1.516067373899999959e-01
1.639948756485000159e-01 1.059808000000000083e+00 -1.500003449624000007e-01 1.422114632200000006e-01
2.217199951805999825e-01 1.059808000000000083e+00 -1.500003559238999862e-01 1.344620172269999914e-01
2.856609548515999797e-01 1.059808000000000083e+00 -1.499997598385000019e-01 1.275970111610000013e-01
3.543909085900999734e-01 1.059808000000000083e+00 -1.500000696409999890e-01 1.215441072849999943e-01
4.263732711851999646e-01 1.059808000000000083e+00 -1.499995856064000044e-01 1.159959670830000011e-01
5.000001530251999560e-01 1.059808000000000083e+00 -1.500003069919000065e-01 1.116193929409999980e-01
5.736271581220000471e-01 1.059808000000000083e+00 -1.499996195454000036e-01 1.073947045059999994e-01
6.456087546725999271e-01 1.059808000000000083e+00 -1.499997782983999994e-01 1.034386609649999983e-01
7.143387084111999519e-01 1.059808000000000083e+00 -1.500000881008999865e-01 1.001653865289999917e-01
7.782803108697999850e-01 1.059808000000000083e+00 -1.500002580598999991e-01 9.732828253299999344e-02
8.360054304019000071e-01 1.059808000000000083e+00 -1.500002690214999879e-01 9.471885991600000054e-02
8.862243441693999912e-01 1.059808000000000083e+00 -1.500001443007000224e-01 9.240613444800001297e-02
9.278169789610000162e-01 1.059808000000000083e+00 -1.499998436677000002e-01 9.014112338099999899e-02
9.598519920538001182e-01 1.059808000000000083e+00 -1.500002228987000197e-01 9.166678361700000832e-02
9.816140320493000893e-01 1.059808000000000083e+00 -1.499997403279000052e-01 1.066996297240000030e-01
9.926188662556999498e-01 1.059808000000000083e+00 -1.500000391688999790e-01 1.522987015339999917e-01
7.380797007024999211e-03 1.182889999999999997e+00 -1.499998087704999816e-01 1.979289101249999960e-01
1.838563121343999782e-02 1.182889999999999997e+00 -1.500001076115000109e-01 1.884769435680000160e-01
4.014831399658000399e-02 1.182889999999999997e+00 -1.500003910852000244e-01 1.763437128489999950e-01
7.218345034622000722e-02 1.182889999999999997e+00 -1.499993614841000078e-01 1.598094576989999849e-01
1.137753190933999958e-01 1.182889999999999997e+00 -1.499997036386999938e-01 1.496009728140000050e-01
1.639948756485000159e-01 1.182889999999999997e+00 -1.500003449624000007e-01 1.395866230189999890e-01
2.217199951805999825e-01 1.182889999999999997e+00 -1.500003559238999862e-01 1.320477290979999996e-01
2.856609548515999797e-01 1.182889999999999997e+00 -1.499997598385000019e-01 1.253951377429999847e-01
3.543909085900999734e-01 1.182889999999999997e+00 -1.500000696409999890e-01 1.193067448450000068e-01
4.263732711851999646e-01 1.182889999999999997e+00 -1.499995856064000044e-01 1.137350624699999951e-01
5.000001530251999560e-01 1.182889999999999997e+00 -1.500003069919000065e-01 1.095890508830000137e-01
5.736271581220000471e-01 1.182889999999999997e+00 -1.499996195454000036e-01 1.058089211449999983e-01
6.456087546725999271e-01 1.182889999999999997e+00 -1.499997782983999994e-01 1.025510937849999915e-01
7.143387084111999519e-01 1.182889999999999997e+00 -1.500000881008999865e-01 9.926823356199999948e-02
7.782803108697999850e-01 1.182889999999999997e+00 -1.500002580598999991e-01 9.670209903999998913e-02
8.360054304019000071e-01 1.182889999999999997e+00 -1.500002690214999879e-01 9.438720414000001391e-02
8.862243441693999912e-01 1.182889999999999997e+00 -1.500001443007000224e-01 9.237034115900000231e-02
9.278169789610000162e-01 1.182889999999999997e+00 -1.499998436677000002e-01 9.057969204500000704e-02
9.598519920538001182e-01 1.182889999999999997e+00 -1.500002228987000197e-01 9.280990108500000724e-02
9.816140320493000893e-01 1.182889999999999997e+00 -1.499997403279000052e-01 1.052683567060000019e-01
9.926188662556999498e-01 1.182889999999999997e+00 -1.500000391688999790e-01 1.470548338869999971e-01
7.380797007024999211e-03 1.299357000000000095e+00 -1.499998087704999816e-01 1.963204030110000109e-01
1.838563121343999782e-02 1.299357000000000095e+00 -1.500001076115000109e-01 1.849907990140000069e-01
4.014831399658000399e-02 1.299357000000000095e+00 -1.500003910852000244e-01 1.756242146640000223e-01
7.218345034622000722e-02 1.299357000000000095e+00 -1.499993614841000078e-01 1.596327772670000089e-01
1.137753190933999958e-01 1.299357000000000095e+00 -1.499997036386999938e-01 1.491211173149999958e-01
1.639948756485000159e-01 1.299357000000000095e+00 -1.500003449624000007e-01 1.392767827699999961e-01
2.217199951805999825e-01 1.299357000000000095e+00 -1.500003559238999862e-01 1.307582549389999793e-01
2.856609548515999797e-01 1.299357000000000095e+00 -1.499997598385000019e-01 1.234003547100000070e-01
3.543909085900999734e-01 1.299357000000000095e+00 -1.500000696409999890e-01 1.172728013869999975e-01
4.263732711851999646e-01 1.299357000000000095e+00 -1.499995856064000044e-01 1.118049324330000066e-01
5.000001530251999560e-01 1.299357000000000095e+00 -1.500003069919000065e-01 1.076553574980000094e-01
5.736271581220000471e-01 1.299357000000000095e+00 -1.499996195454000036e-01 1.039126060500000087e-01
6.456087546725999271e-01 1.299357000000000095e+00 -1.499997782983999994e-01 1.012725959559999944e-01
7.143387084111999519e-01 1.299357000000000095e+00 -1.500000881008999865e-01 9.798825501800000060e-02
7.782803108697999850e-01 1.299357000000000095e+00 -1.500002580598999991e-01 9.580689058999999896e-02
8.360054304019000071e-01 1.299357000000000095e+00 -1.500002690214999879e-01 9.404689186899999054e-02
8.862243441693999912e-01 1.299357000000000095e+00 -1.500001443007000224e-01 9.180653469799998634e-02
9.278169789610000162e-01 1.299357000000000095e+00 -1.499998436677000002e-01 8.984946562200001041e-02
9.598519920538001182e-01 1.299357000000000095e+00 -1.500002228987000197e-01 9.203153841600000828e-02
9.816140320493000893e-01 1.299357000000000095e+00 -1.499997403279000052e-01 1.088793874809999979e-01
9.926188662556999498e-01 1.299357000000000095e+00 -1.500000391688999790e-01 1.544766434629999963e-01
7.380797007024999211e-03 1.408557000000000059e+00 -1.499998087704999816e-01 1.926794759549999847e-01
1.838563121343999782e-02 1.408557000000000059e+00 -1.500001076115000109e-01 1.849953630180000141e-01
4.014831399658000399e-02 1.408557000000000059e+00 -1.500003910852000244e-01 1.737145679309999857e-01
7.218345034622000722e-02 1.408557000000000059e+00 -1.499993614841000078e-01 1.572695117279999943e-01
1.137753190933999958e-01 1.408557000000000059e+00 -1.499997036386999938e-01 1.473187250599999887e-01
1.639948756485000159e-01 1.408557000000000059e+00 -1.500003449624000007e-01 1.377323645859999945e-01
2.217199951805999825e-01 1.408557000000000059e+00 -1.500003559238999862e-01 1.296806416179999977e-01
2.856609548515999797e-01 1.408557000000000059e+00 -1.499997598385000019e-01 1.227314379859999888e-01
3.543909085900999734e-01 1.408557000000000059e+00 -1.500000696409999890e-01 1.166510556010000033e-01
4.263732711851999646e-01 1.408557000000000059e+00 -1.499995856064000044e-01 1.111799990670000043e-01
5.000001530251999560e-01 1.408557000000000059e+00 -1.500003069919000065e-01 1.067489074420000100e-01
5.736271581220000471e-01 1.408557000000000059e+00 -1.499996195454000036e-01 1.031016895970000014e-01
6.456087546725999271e-01 1.408557000000000059e+00 -1.499997782983999994e-01 1.001817814750000091e-01
7.143387084111999519e-01 1.408557000000000059e+00 -1.500000881008999865e-01 9.761771948500000406e-02
7.782803108697999850e-01 1.408557000000000059e+00 -1.500002580598999991e-01 9.620203772600000036e-02
8.360054304019000071e-01 1.408557000000000059e+00 -1.500002690214999879e-01 9.434777249299999835e-02
8.862243441693999912e-01 1.408557000000000059e+00 -1.500001443007000224e-01 9.267710321399999507e-02
9.278169789610000162e-01 1.408557000000000059e+00 -1.499998436677000002e-01 9.113691759999999198e-02
9.598519920538001182e-01 1.408557000000000059e+00 -1.500002228987000197e-01 9.386189273199999072e-02
9.816140320493000893e-01 1.408557000000000059e+00 -1.499997403279000052e-01 1.068403693609999983e-01
9.926188662556999498e-01 1.408557000000000059e+00 -1.500000391688999790e-01 1.541893083249999963e-01
7.380797007024999211e-03 1.509880000000000111e+00 -1.499998087704999816e-01 1.984564906340000046e-01
1.838563121343999782e-02 1.509880000000000111e+00 -1.500001076115000109e-01 1.876647993389999880e-01
4.014831399658000399e-02 1.509880000000000111e+00 -1.500003910852000244e-01 1.732645597080000044e-01
7.218345034622000722e-02 1.509880000000000111e+00 -1.499993614841000078e-01 1.591209229680000115e-01
1.137753190933999958e-01 1.509880000000000111e+00 -1.499997036386999938e-01 1.475758551620000025e-01
1.639948756485000159e-01 1.509880000000000111e+00 -1.500003449624000007e-01 1.377747455389999875e-01
2.217199951805999825e-01 1.509880000000000111e+00 -1.500003559238999862e-01 1.295417742849999942e-01
2.856609548515999797e-01 1.509880000000000111e+00 -1.499997598385000019e-01 1.228985657779999990e-01
3.543909085900999734e-01 1.509880000000000111e+00 -1.500000696409999890e-01 1.172298667820000084e-01
4.263732711851999646e-01 1.509880000000000111e+00 -1.499995856064000044e-01 1.124368155700000010e-01
5.000001530251999560e-01 1.509880000000000111e+00 -1.500003069919000065e-01 1.090159183940000026e-01
5.736271581220000471e-01 1.509880000000000111e+00 -1.499996195454000036e-01 1.060858549010000040e-01
6.456087546725999271e-01 1.509880000000000111e+00 -1.499997782983999994e-01 1.034567680450000082e-01
7.143387084111999519e-01 1.509880000000000111e+00 -1.500000881008999865e-01 1.010634482190000127e-01
7.782803108697999850e-01 1.509880000000000111e+00 -1.500002580598999991e-01 9.932261104699999232e-02
8.360054304019000071e-01 1.509880000000000111e+00 -1.500002690214999879e-01 9.738833129599999694e-02
8.862243441693999912e-01 1.509880000000000111e+00 -1.500001443007000224e-01 9.535619938400000106e-02
9.278169789610000162e-01 1.509880000000000111e+00 -1.499998436677000002e-01 9.336460867399999641e-02
9.598519920538001182e-01 1.509880000000000111e+00 -1.500002228987000197e-01 9.259996401699999158e-02
9.816140320493000893e-01 1.509880000000000111e+00 -1.499997403279000052e-01 1.061556353229999861e-01
9.926188662556999498e-01 1.509880000000000111e+00 -1.500000391688999790e-01 1.441416060850000125e-01
7.380797007024999211e-03 1.602759000000000045e+00 -1.499998087704999816e-01 2.021949645439999887e-01
1.838563121343999782e-02 1.602759000000000045e+00 -1.500001076115000109e-01 1.969448344080000080e-01
4.014831399658000399e-02 1.602759000000000045e+00 -1.500003910852000244e-01 1.800349968199999873e-01
7.218345034622000722e-02 1.602759000000000045e+00 -1.499993614841000078e-01 1.643168267520000170e-01
1.137753190933999958e-01 1.602759000000000045e+00 -1.499997036386999938e-01 1.518285216470000032e-01
1.639948756485000159e-01 1.602759000000000045e+00 -1.500003449624000007e-01 1.405741274339999958e-01
2.217199951805999825e-01 1.602759000000000045e+00 -1.500003559238999862e-01 1.318712668920000164e-01
2.856609548515999797e-01 1.602759000000000045e+00 -1.499997598385000019e-01 1.247419553269999981e-01
3.543909085900999734e-01 1.602759000000000045e+00 -1.500000696409999890e-01 1.192155826879999908e-01
4.263732711851999646e-01 1.602759000000000045e+00 -1.499995856064000044e-01 1.145434823939999874e-01
5.000001530251999560e-01 1.602759000000000045e+00 -1.500003069919000065e-01 1.112605664180000009e-01
5.736271581220000471e-01 1.602759000000000045e+00 -1.499996195454000036e-01 1.085094569299999978e-01
6.456087546725999271e-01 1.602759000000000045e+00 -1.499997782983999994e-01 1.061272800760000024e-01
7.143387084111999519e-01 1.602759000000000045e+00 -1.500000881008999865e-01 1.039572669009999895e-01
7.782803108697999850e-01 1.602759000000000045e+00 -1.500002580598999991e-01 1.025566701779999923e-01
8.360054304019000071e-01 1.602759000000000045e+00 -1.500002690214999879e-01 1.004639362109999851e-01
8.862243441693999912e-01 1.602759000000000045e+00 -1.500001443007000224e-01 9.829594264400000336e-02
9.278169789610000162e-01 1.602759000000000045e+00 -1.499998436677000002e-01 9.595132454399998845e-02
9.598519920538001182e-01 1.602759000000000045e+00 -1.500002228987000197e-01 9.530832560599999947e-02
9.816140320493000893e-01 1.602759000000000045e+00 -1.499997403279000052e-01 1.051374618449999881e-01
9.926188662556999498e-01 1.602759000000000045e+00 -1.500000391688999790e-01 1.402885913480000080e-01
7.380797007024999211e-03 1.686674999999999924e+00 -1.499998087704999816e-01 2.106473701759999928e-01
1.838563121343999782e-02 1.686674999999999924e+00 -1.500001076115000109e-01 1.981596203519999932e-01
4.014831399658000399e-02 1.686674999999999924e+00 -1.500003910852000244e-01 1.828719563940000292e-01
7.218345034622000722e-02 1.686674999999999924e+00 -1.499993614841000078e-01 1.681866271099999866e-01
1.137753190933999958e-01 1.686674999999999924e+00 -1.499997036386999938e-01 1.540295459440000070e-01
1.639948756485000159e-01 1.686674999999999924e+00 -1.500003449624000007e-01 1.426892151530000097e-01
2.217199951805999825e-01 1.686674999999999924e+00 -1.500003559238999862e-01 1.336089992320000086e-01
2.856609548515999797e-01 1.686674999999999924e+00 -1.499997598385000019e-01 1.269571304350000096e-01
3.543909085900999734e-01 1.686674999999999924e+00 -1.500000696409999890e-01 1.218158866479999991e-01
4.263732711851999646e-01 1.686674999999999924e+00 -1.499995856064000044e-01 1.178960370299999977e-01
5.000001530251999560e-01 1.686674999999999924e+00 -1.500003069919000065e-01 1.150563443480000086e-01
5.736271581220000471e-01 1.686674999999999924e+00 -1.499996195454000036e-01 1.127460607589999969e-01
6.456087546725999271e-01 1.686674999999999924e+00 -1.499997782983999994e-01 1.106939376700000061e-01
7.143387084111999519e-01 1.686674999999999924e+00 -1.500000881008999865e-01 1.085900611989999986e-01
7.782803108697999850e-01 1.686674999999999924e+00 -1.500002580598999991e-01 1.069579900530000099e-01
8.360054304019000071e-01 1.686674999999999924e+00 -1.500002690214999879e-01 1.050076832399999965e-01
8.862243441693999912e-01 1.686674999999999924e+00 -1.500001443007000224e-01 1.023527126190000025e-01
9.278169789610000162e-01 1.686674999999999924e+00 -1.499998436677000002e-01 9.952539054500000870e-02
9.598519920538001182e-01 1.686674999999999924e+00 -1.500002228987000197e-01 9.810570519899999842e-02
9.816140320493000893e-01 1.686674999999999924e+00 -1.499997403279000052e-01 1.120859765369999900e-01
9.926188662556999498e-01 1.686674999999999924e+00 -1.500000391688999790e-01 1.495638033720000093e-01
7.380797007024999211e-03 1.761158000000000001e+00 -1.499998087704999816e-01 2.177866892430000145e-01
1.838563121343999782e-02 1.761158000000000001e+00 -1.500001076115000109e-01 2.050508805719999939e-01
4.014831399658000399e-02 1.761158000000000001e+00 -1.500003910852000244e-01 1.872911515179999931e-01
7.218345034622000722e-02 1.761158000000000001e+00 -1.499993614841000078e-01 1.711647442720000134e-01
1.137753190933999958e-01 1.761158000000000001e+00 -1.499997036386999938e-01 1.559726996169999991e-01
1.639948756485000159e-01 1.761158000000000001e+00 -1.500003449624000007e-01 1.449842063379999935e-01
2.217199951805999825e-01 1.761158000000000001e+00 -1.500003559238999862e-01 1.362465852830000157e-01
2.856609548515999797e-01 1.761158000000000001e+00 -1.499997598385000019e-01 1.296972485869999914e-01
3.543909085900999734e-01 1.761158000000000001e+00 -1.500000696409999890e-01 1.243697376610000127e-01
4.263732711851999646e-01 1.761158000000000001e+00 -1.499995856064000044e-01 1.206523022179999960e-01
5.000001530251999560e-01 1.761158000000000001e+00 -1.500003069919000065e-01 1.185483378879999966e-01
5.736271581220000471e-01 1.761158000000000001e+00 -1.499996195454000036e-01 1.165977150510000004e-01
6.456087546725999271e-01 1.761158000000000001e+00 -1.499997782983999994e-01 1.158521124279999898e-01
7.143387084111999519e-01 1.761158000000000001e+00 -1.500000881008999865e-01 1.139069569290000056e-01
7.782803108697999850e-01 1.761158000000000001e+00 -1.500002580598999991e-01 1.129082816109999998e-01
8.360054304019000071e-01 1.761158000000000001e+00 -1.500002690214999879e-01 1.104870744920000009e-01
8.862243441693999912e-01 1.761158000000000001e+00 -1.500001443007000224e-01 1.089366490669999993e-01
9.278169789610000162e-01 1.761158000000000001e+00 -1.499998436677000002e-01 1.045551584490000130e-01
9.598519920538001182e-01 1.761158000000000001e+00 -1.500002228987000197e-01 1.008978095700000105e-01
9.816140320493000893e-01 1.761158000000000001e+00 -1.499997403279000052e-01 1.098734976579999884e-01
9.926188662556999498e-01 1.761158000000000001e+00 -1.500000391688999790e-01 1.441089049200000027e-01
7.380797007024999211e-03 1.825792000000000082e+00 -1.499998087704999816e-01 2.218964741610000013e-01
1.838563121343999782e-02 1.825792000000000082e+00 -1.500001076115000109e-01 2.075457289969999952e-01
4.014831399658000399e-02 1.825792000000000082e+00 -1.500003910852000244e-01 1.901522478770000246e-01
7.218345034622000722e-02 1.825792000000000082e+00 -1.499993614841000078e-01 1.721376406659999858e-01
1.137753190933999958e-01 1.825792000000000082e+00 -1.499997036386999938e-01 1.589080597389999905e-01
1.639948756485000159e-01 1.825792000000000082e+00 -1.500003449624000007e-01 1.479132345769999801e-01
2.217199951805999825e-01 1.825792000000000082e+00 -1.500003559238999862e-01 1.390314219540000062e-01
2.856609548515999797e-01 1.825792000000000082e+00 -1.499997598385000019e-01 1.328707238250000089e-01
3.543909085900999734e-01 1.825792000000000082e+00 -1.500000696409999890e-01 1.286320273069999909e-01
4.263732711851999646e-01 1.825792000000000082e+00 -1.499995856064000044e-01 1.251137836110000068e-01
5.000001530251999560e-01 1.825792000000000082e+00 -1.500003069919000065e-01 1.232910253630000036e-01
5.736271581220000471e-01 1.825792000000000082e+00 -1.499996195454000036e-01 1.216806651710000131e-01
6.456087546725999271e-01 1.825792000000000082e+00 -1.499997782983999994e-01 1.215297021859999965e-01
7.143387084111999519e-01 1.825792000000000082e+00 -1.500000881008999865e-01 1.193604128119999941e-01
7.782803108697999850e-01 1.825792000000000082e+00 -1.500002580598999991e-01 1.185037190269999929e-01
8.360054304019000071e-01 1.825792000000000082e+00 -1.500002690214999879e-01 1.163875469389999973e-01
8.862243441693999912e-01 1.825792000000000082e+00 -1.500001443007000224e-01 1.137678069349999932e-01
9.278169789610000162e-01 1.825792000000000082e+00 -1.499998436677000002e-01 1.092377166159999996e-01
9.598519920538001182e-01 1.825792000000000082e+00 -1.500002228987000197e-01 1.060504480240000019e-01
9.816140320493000893e-01 1.825792000000000082e+00 -1.499997403279000052e-01 1.109809410200000013e-01
9.926188662556999498e-01 1.825792000000000082e+00 -1.500000391688999790e-01 1.439233276689999841e-01
7.380797007024999211e-03 1.880216000000000109e+00 -1.499998087704999816e-01 2.301310879650000085e-01
1.838563121343999782e-02 1.880216000000000109e+00 -1.500001076115000109e-01 2.132538421369999937e-01
4.014831399658000399e-02 1.880216000000000109e+00 -1.500003910852000244e-01 1.920762388729999881e-01
7.218345034622000722e-02 1.880216000000000109e+00 -1.499993614841000078e-01 1.744552018360000234e-01
1.137753190933999958e-01 1.880216000000000109e+00 -1.499997036386999938e-01 1.605632146590000031e-01
1.639948756485000159e-01 1.880216000000000109e+00 -1.500003449624000007e-01 1.503347509759999923e-01
2.217199951805999825e-01 1.880216000000000109e+00 -1.500003559238999862e-01 1.414584868279999963e-01
2.856609548515999797e-01 1.880216000000000109e+00 -1.499997598385000019e-01 1.360210059999999999e-01
3.543909085900999734e-01 1.880216000000000109e+00 -1.500000696409999890e-01 1.319505285969999886e-01
4.263732711851999646e-01 1.880216000000000109e+00 -1.499995856064000044e-01 1.294055431889999941e-01
5.000001530251999560e-01 1.880216000000000109e+00 -1.500003069919000065e-01 1.278723627410000008e-01
5.736271581220000471e-01 1.880216000000000109e+00 -1.499996195454000036e-01 1.267525487989999977e-01
6.456087546725999271e-01 1.880216000000000109e+00 -1.499997782983999994e-01 1.258704778949999992e-01
7.143387084111999519e-01 1.880216000000000109e+00 -1.500000881008999865e-01 1.249353131629999947e-01
7.782803108697999850e-01 1.880216000000000109e+00 -1.500002580598999991e-01 1.247556750280000015e-01
8.360054304019000071e-01 1.880216000000000109e+00 -1.500002690214999879e-01 1.231288986310000028e-01
8.862243441693999912e-01 1.880216000000000109e+00 -1.500001443007000224e-01 1.202316862690000071e-01
9.278169789610000162e-01 1.880216000000000109e+00 -1.499998436677000002e-01 1.156450370299999947e-01
9.598519920538001182e-01 1.880216000000000109e+00 -1.500002228987000197e-01 1.099661592130000004e-01
9.816140320493000893e-01 1.880216000000000109e+00 -1.499997403279000052e-01 1.149844452160000002e-01
9.926188662556999498e-01 1.880216000000000109e+00 -1.500000391688999790e-01 1.373691713839999828e-01
7.380797007024999211e-03 1.924123999999999945e+00 -1.499998087704999816e-01 2.361688298939999819e-01
1.838563121343999782e-02 1.924123999999999945e+00 -1.500001076115000109e-01 2.179896315929999995e-01
4.014831399658000399e-02 1.924123999999999945e+00 -1.500003910852000244e-01 1.941488863670000065e-01
7.218345034622000722e-02 1.924123999999999945e+00 -1.499993614841000078e-01 1.749378197370000110e-01
1.137753190933999958e-01 1.924123999999999945e+00 -1.499997036386999938e-01 1.604438576639999892e-01
1.639948756485000159e-01 1.924123999999999945e+00 -1.500003449624000007e-01 1.523095311810000185e-01
2.217199951805999825e-01 1.924123999999999945e+00 -1.500003559238999862e-01 1.445885136399999993e-01
2.856609548515999797e-01 1.924123999999999945e+00 -1.499997598385000019e-01 1.393453625809999985e-01
3.543909085900999734e-01 1.924123999999999945e+00 -1.500000696409999890e-01 1.353206987510000014e-01
4.263732711851999646e-01 1.924123999999999945e+00 -1.499995856064000044e-01 1.330369942559999907e-01
5.000001530251999560e-01 1.924123999999999945e+00 -1.500003069919000065e-01 1.311674687269999973e-01
5.736271581220000471e-01 1.924123999999999945e+00 -1.499996195454000036e-01 1.301893895069999862e-01
6.456087546725999271e-01 1.924123999999999945e+00 -1.499997782983999994e-01 1.295661966929999853e-01
7.143387084111999519e-01 1.924123999999999945e+00 -1.500000881008999865e-01 1.291573811680000183e-01
7.782803108697999850e-01 1.924123999999999945e+00 -1.500002580598999991e-01 1.289719648669999941e-01
8.360054304019000071e-01 1.924123999999999945e+00 -1.500002690214999879e-01 1.285777945609999917e-01
8.862243441693999912e-01 1.924123999999999945e+00 -1.500001443007000224e-01 1.249489013120000103e-01
9.278169789610000162e-01 1.924123999999999945e+00 -1.499998436677000002e-01 1.206742300549999980e-01
9.598519920538001182e-01 1.924123999999999945e+00 -1.500002228987000197e-01 1.167733037739999979e-01
9.816140320493000893e-01 1.924123999999999945e+00 -1.499997403279000052e-01 1.189203984789999891e-01
9.926188662556999498e-01 1.924123999999999945e+00 -1.500000391688999790e-01 1.428364336209999863e-01
7.380797007024999211e-03 1.957271999999999901e+00 -1.499998087704999816e-01 2.282362998800000209e-01
1.838563121343999782e-02 1.957271999999999901e+00 -1.500001076115000109e-01 2.059817945190000055e-01
4.014831399658000399e-02 1.957271999999999901e+00 -1.500003910852000244e-01 1.875121755730000117e-01
7.218345034622000722e-02 1.957271999999999901e+00 -1.499993614841000078e-01 1.773782772620000059e-01
1.137753190933999958e-01 1.957271999999999901e+00 -1.499997036386999938e-01 1.626576736249999988e-01
1.639948756485000159e-01 1.957271999999999901e+00 -1.500003449624000007e-01 1.540565309339999855e-01
2.217199951805999825e-01 1.957271999999999901e+00 -1.500003559238999862e-01 1.484595435359999938e-01
2.856609548515999797e-01 1.957271999999999901e+00 -1.499997598385000019e-01 1.443730869410000117e-01
3.543909085900999734e-01 1.957271999999999901e+00 -1.500000696409999890e-01 1.413294052279999991e-01
4.263732711851999646e-01 1.957271999999999901e+00 -1.499995856064000044e-01 1.368547324059999903e-01
5.000001530251999560e-01 1.957271999999999901e+00 -1.500003069919000065e-01 1.355142645609999918e-01
5.736271581220000471e-01 1.957271999999999901e+00 -1.499996195454000036e-01 1.327525418219999975e-01
6.456087546725999271e-01 1.957271999999999901e+00 -1.499997782983999994e-01 1.310701804749999921e-01
7.143387084111999519e-01 1.957271999999999901e+00 -1.500000881008999865e-01 1.297397309380000086e-01
7.782803108697999850e-01 1.957271999999999901e+00 -1.500002580598999991e-01 1.289708504150000046e-01
8.360054304019000071e-01 1.957271999999999901e+00 -1.500002690214999879e-01 1.298002263359999964e-01
8.862243441693999912e-01 1.957271999999999901e+00 -1.500001443007000224e-01 1.268095685950000051e-01
9.278169789610000162e-01 1.957271999999999901e+00 -1.499998436677000002e-01 1.224010252899999929e-01
9.598519920538001182e-01 1.957271999999999901e+00 -1.500002228987000197e-01 1.183936231870000022e-01
9.816140320493000893e-01 1.957271999999999901e+00 -1.499997403279000052e-01 1.202030686470000054e-01
9.926188662556999498e-01 1.957271999999999901e+00 -1.500000391688999790e-01 1.412541445830000075e-01
7.380797007024999211e-03 1.979475000000000096e+00 -1.499998087704999816e-01 2.214670404899999889e-01
1.838563121343999782e-02 1.979475000000000096e+00 -1.500001076115000109e-01 2.020323246959999930e-01
4.014831399658000399e-02 1.979475000000000096e+00 -1.500003910852000244e-01 1.936506511639999872e-01
7.218345034622000722e-02 1.979475000000000096e+00 -1.499993614841000078e-01 2.104047735599999802e-01
1.137753190933999958e-01 1.979475000000000096e+00 -1.499997036386999938e-01 1.833992695879999857e-01
1.639948756485000159e-01 1.979475000000000096e+00 -1.500003449624000007e-01 1.639699383100000074e-01
2.217199951805999825e-01 1.979475000000000096e+00 -1.500003559238999862e-01 1.582153664509999835e-01
2.856609548515999797e-01 1.979475000000000096e+00 -1.499997598385000019e-01 1.680902300930000037e-01
3.543909085900999734e-01 1.979475000000000096e+00 -1.500000696409999890e-01 1.632215267850000151e-01
4.263732711851999646e-01 1.979475000000000096e+00 -1.499995856064000044e-01 1.498084044250000135e-01
5.000001530251999560e-01 1.979475000000000096e+00 -1.500003069919000065e-01 1.513640696280000031e-01
5.736271581220000471e-01 1.979475000000000096e+00 -1.499996195454000036e-01 1.443775188880000171e-01
6.456087546725999271e-01 1.979475000000000096e+00 -1.499997782983999994e-01 1.428246057800000024e-01
7.143387084111999519e-01 1.979475000000000096e+00 -1.500000881008999865e-01 1.345237938670000022e-01
7.782803108697999850e-01 1.979475000000000096e+00 -1.500002580598999991e-01 1.349795436890000033e-01
8.360054304019000071e-01 1.979475000000000096e+00 -1.500002690214999879e-01 1.298719213779999937e-01
8.862243441693999912e-01 1.979475000000000096e+00 -1.500001443007000224e-01 1.325874617270000055e-01
9.278169789610000162e-01 1.979475000000000096e+00 -1.499998436677000002e-01 1.305477164420000002e-01
9.598519920538001182e-01 1.979475000000000096e+00 -1.500002228987000197e-01 1.203840134100000042e-01
9.816140320493000893e-01 1.979475000000000096e+00 -1.499997403279000052e-01 1.196236180670000038e-01
9.926188662556999498e-01 1.979475000000000096e+00 -1.500000391688999790e-01 1.393532108170000006e-01
7.380797007024999211e-03 1.990607000000000015e+00 -1.499998087704999816e-01 2.193697259919999976e-01
1.838563121343999782e-02 1.990607000000000015e+00 -1.500001076115000109e-01 2.234647208579999822e-01
4.014831399658000399e-02 1.990607000000000015e+00 -1.500003910852000244e-01 2.656280786110000180e-01
7.218345034622000722e-02 1.990607000000000015e+00 -1.499993614841000078e-01 2.628573195939999940e-01
1.137753190933999958e-01 1.990607000000000015e+00 -1.499997036386999938e-01 2.672052901309999728e-01
1.639948756485000159e-01 1.990607000000000015e+00 -1.500003449624000007e-01 1.972119598500000071e-01
2.217199951805999825e-01 1.990607000000000015e+00 -1.500003559238999862e-01 2.082239640289999805e-01
2.856609548515999797e-01 1.990607000000000015e+00 -1.499997598385000019e-01 2.283070691319999956e-01
3.543909085900999734e-01 1.990607000000000015e+00 -1.500000696409999890e-01 2.034391393910000012e-01
4.263732711851999646e-01 1.990607000000000015e+00 -1.499995856064000044e-01 2.066729066160000183e-01
5.000001530251999560e-01 1.990607000000000015e+00 -1.500003069919000065e-01 2.136305786699999876e-01
5.736271581220000471e-01 1.990607000000000015e+00 -1.499996195454000036e-01 1.957084620790000007e-01
6.456087546725999271e-01 1.990607000000000015e+00 -1.499997782983999994e-01 1.801241035410000024e-01
7.143387084111999519e-01 1.990607000000000015e+00 -1.500000881008999865e-01 1.734046532160000154e-01
7.782803108697999850e-01 1.990607000000000015e+00 -1.500002580598999991e-01 1.678029432789999997e-01
8.360054304019000071e-01 1.990607000000000015e+00 -1.500002690214999879e-01 1.504027560310000067e-01
8.862243441693999912e-01 1.990607000000000015e+00 -1.500001443007000224e-01 1.551460319619999972e-01
9.278169789610000162e-01 1.990607000000000015e+00 -1.499998436677000002e-01 1.488108478640000065e-01
9.598519920538001182e-01 1.990607000000000015e+00 -1.500002228987000197e-01 1.374538422519999969e-01
9.816140320493000893e-01 1.990607000000000015e+00 -1.499997403279000052e-01 1.476759346239999993e-01
9.926188662556999498e-01 1.990607000000000015e+00 -1.500000391688999790e-01 1.455213225819999845e-01
