# ['# x', 'y', 'z', 'rmsCpHF']
0.000000000000000000e+00 7.448299999999999366e-02 -1.457519999999999927e-01 2.000185801819999998e-01
0.000000000000000000e+00 7.448299999999999366e-02 -1.281720000000000081e-01 1.655665006890000013e-01
0.000000000000000000e+00 7.448299999999999366e-02 -9.513299999999999534e-02 1.588292073430000173e-01
0.000000000000000000e+00 7.448299999999999366e-02 -5.061899999999999733e-02 1.600956775350000083e-01
0.000000000000000000e+00 7.448299999999999366e-02 0.000000000000000000e+00 1.633273744179999931e-01
0.000000000000000000e+00 7.448299999999999366e-02 5.061899999999999733e-02 1.628145873520000231e-01
0.000000000000000000e+00 7.448299999999999366e-02 9.513299999999999534e-02 1.623140651430000081e-01
0.000000000000000000e+00 7.448299999999999366e-02 1.281720000000000081e-01 1.647544014160000070e-01
0.000000000000000000e+00 7.448299999999999366e-02 1.457519999999999927e-01 1.932611401399999818e-01
0.000000000000000000e+00 2.230330000000000090e-01 -1.457519999999999927e-01 2.024354638489999914e-01
0.000000000000000000e+00 2.230330000000000090e-01 -1.281720000000000081e-01 1.800238543910000211e-01
0.000000000000000000e+00 2.230330000000000090e-01 -9.513299999999999534e-02 1.781359068299999959e-01
0.000000000000000000e+00 2.230330000000000090e-01 -5.061899999999999733e-02 1.780570467650000044e-01
0.000000000000000000e+00 2.230330000000000090e-01 0.000000000000000000e+00 1.784405759569999972e-01
0.000000000000000000e+00 2.230330000000000090e-01 5.061899999999999733e-02 1.782254074949999878e-01
0.000000000000000000e+00 2.230330000000000090e-01 9.513299999999999534e-02 1.776447504689999957e-01
0.000000000000000000e+00 2.230330000000000090e-01 1.281720000000000081e-01 1.799156749839999903e-01
0.000000000000000000e+00 2.230330000000000090e-01 1.457519999999999927e-01 1.982504978449999844e-01
0.000000000000000000e+00 3.703359999999999985e-01 -1.457519999999999927e-01 1.909260086219999875e-01
0.000000000000000000e+00 3.703359999999999985e-01 -1.281720000000000081e-01 1.819529908170000043e-01
0.000000000000000000e+00 3.703359999999999985e-01 -9.513299999999999534e-02 1.796706641259999959e-01
0.000000000000000000e+00 3.703359999999999985e-01 -5.061899999999999733e-02 1.788875216890000175e-01
0.000000000000000000e+00 3.703359999999999985e-01 0.000000000000000000e+00 1.791709762410000073e-01
0.000000000000000000e+00 3.703359999999999985e-01 5.061899999999999733e-02 1.790236262099999809e-01
0.000000000000000000e+00 3.703359999999999985e-01 9.513299999999999534e-02 1.799953252690000005e-01
0.000000000000000000e+00 3.703359999999999985e-01 1.281720000000000081e-01 1.816272705299999957e-01
0.000000000000000000e+00 3.703359999999999985e-01 1.457519999999999927e-01 1.892956661019999931e-01
0.000000000000000000e+00 5.155680000000000263e-01 -1.457519999999999927e-01 1.929940485889999890e-01
0.000000000000000000e+00 5.155680000000000263e-01 -1.281720000000000081e-01 1.893004059460000055e-01
0.000000000000000000e+00 5.155680000000000263e-01 -9.513299999999999534e-02 1.880054740069999897e-01
0.000000000000000000e+00 5.155680000000000263e-01 -5.061899999999999733e-02 1.861172148950000216e-01
0.000000000000000000e+00 5.155680000000000263e-01 0.000000000000000000e+00 1.857190714119999753e-01
0.000000000000000000e+00 5.155680000000000263e-01 5.061899999999999733e-02 1.851310694029999759e-01
0.000000000000000000e+00 5.155680000000000263e-01 9.513299999999999534e-02 1.857069450659999954e-01
0.000000000000000000e+00 5.155680000000000263e-01 1.281720000000000081e-01 1.866304581520000228e-01
0.000000000000000000e+00 5.155680000000000263e-01 1.457519999999999927e-01 1.921867232800000269e-01
0.000000000000000000e+00 6.579159999999999453e-01 -1.457519999999999927e-01 1.962654068949999941e-01
0.000000000000000000e+00 6.579159999999999453e-01 -1.281720000000000081e-01 1.961296188709999999e-01
0.000000000000000000e+00 6.579159999999999453e-01 -9.513299999999999534e-02 1.955832522100000026e-01
0.000000000000000000e+00 6.579159999999999453e-01 -5.061899999999999733e-02 1.943122313089999942e-01
0.000000000000000000e+00 6.579159999999999453e-01 0.000000000000000000e+00 1.944306312040000040e-01
0.000000000000000000e+00 6.579159999999999453e-01 5.061899999999999733e-02 1.959756272779999975e-01
0.000000000000000000e+00 6.579159999999999453e-01 9.513299999999999534e-02 1.969729087919999955e-01
0.000000000000000000e+00 6.579159999999999453e-01 1.281720000000000081e-01 1.934353202419999973e-01
0.000000000000000000e+00 6.579159999999999453e-01 1.457519999999999927e-01 1.932573523779999858e-01
0.000000000000000000e+00 7.965849999999999875e-01 -1.457519999999999927e-01 2.016089237570000137e-01
0.000000000000000000e+00 7.965849999999999875e-01 -1.281720000000000081e-01 1.990155454170000060e-01
0.000000000000000000e+00 7.965849999999999875e-01 -9.513299999999999534e-02 2.061776473570000046e-01
0.000000000000000000e+00 7.965849999999999875e-01 -5.061899999999999733e-02 2.065506896909999890e-01
0.000000000000000000e+00 7.965849999999999875e-01 0.000000000000000000e+00 2.066673882550000008e-01
0.000000000000000000e+00 7.965849999999999875e-01 5.061899999999999733e-02 2.035813408999999907e-01
0.000000000000000000e+00 7.965849999999999875e-01 9.513299999999999534e-02 2.021686718560000151e-01
0.000000000000000000e+00 7.965849999999999875e-01 1.281720000000000081e-01 1.939107430519999842e-01
0.000000000000000000e+00 7.965849999999999875e-01 1.457519999999999927e-01 1.967078656370000178e-01
0.000000000000000000e+00 9.307990000000000430e-01 -1.457519999999999927e-01 1.956900101479999987e-01
0.000000000000000000e+00 9.307990000000000430e-01 -1.281720000000000081e-01 2.032915752959999767e-01
0.000000000000000000e+00 9.307990000000000430e-01 -9.513299999999999534e-02 2.076300661909999956e-01
0.000000000000000000e+00 9.307990000000000430e-01 -5.061899999999999733e-02 2.078632070340000193e-01
0.000000000000000000e+00 9.307990000000000430e-01 0.000000000000000000e+00 2.078519884059999989e-01
0.000000000000000000e+00 9.307990000000000430e-01 5.061899999999999733e-02 2.057509765150000169e-01
0.000000000000000000e+00 9.307990000000000430e-01 9.513299999999999534e-02 2.048809690190000199e-01
0.000000000000000000e+00 9.307990000000000430e-01 1.281720000000000081e-01 2.015730366670000218e-01
0.000000000000000000e+00 9.307990000000000430e-01 1.457519999999999927e-01 1.968354068160000081e-01
0.000000000000000000e+00 1.059808000000000083e+00 -1.457519999999999927e-01 2.027758911529999875e-01
0.000000000000000000e+00 1.059808000000000083e+00 -1.281720000000000081e-01 2.019068052380000033e-01
0.000000000000000000e+00 1.059808000000000083e+00 -9.513299999999999534e-02 2.087277644049999881e-01
0.000000000000000000e+00 1.059808000000000083e+00 -5.061899999999999733e-02 2.092665246359999842e-01
0.000000000000000000e+00 1.059808000000000083e+00 0.000000000000000000e+00 2.102976739840000109e-01
0.000000000000000000e+00 1.059808000000000083e+00 5.061899999999999733e-02 2.067084148580000114e-01
0.000000000000000000e+00 1.059808000000000083e+00 9.513299999999999534e-02 2.041498767150000115e-01
0.000000000000000000e+00 1.059808000000000083e+00 1.281720000000000081e-01 1.960038280160000257e-01
0.000000000000000000e+00 1.059808000000000083e+00 1.457519999999999927e-01 1.998522692040000104e-01
0.000000000000000000e+00 1.182889999999999997e+00 -1.457519999999999927e-01 2.016958533179999957e-01
0.000000000000000000e+00 1.182889999999999997e+00 -1.281720000000000081e-01 2.039738238989999841e-01
0.000000000000000000e+00 1.182889999999999997e+00 -9.513299999999999534e-02 2.111224201920000043e-01
0.000000000000000000e+00 1.182889999999999997e+00 -5.061899999999999733e-02 2.097269643299999875e-01
0.000000000000000000e+00 1.182889999999999997e+00 0.000000000000000000e+00 2.088078314600000096e-01
0.000000000000000000e+00 1.182889999999999997e+00 5.061899999999999733e-02 2.061668178330000045e-01
0.000000000000000000e+00 1.182889999999999997e+00 9.513299999999999534e-02 2.051960234409999917e-01
0.000000000000000000e+00 1.182889999999999997e+00 1.281720000000000081e-01 1.992942175129999993e-01
0.000000000000000000e+00 1.182889999999999997e+00 1.457519999999999927e-01 1.973847398219999993e-01
0.000000000000000000e+00 1.299357000000000095e+00 -1.457519999999999927e-01 2.057105533240000117e-01
0.000000000000000000e+00 1.299357000000000095e+00 -1.281720000000000081e-01 2.057041429589999970e-01
0.000000000000000000e+00 1.299357000000000095e+00 -9.513299999999999534e-02 2.082065917460000082e-01
0.000000000000000000e+00 1.299357000000000095e+00 -5.061899999999999733e-02 2.051538288610000038e-01
0.000000000000000000e+00 1.299357000000000095e+00 0.000000000000000000e+00 2.054916540019999793e-01
0.000000000000000000e+00 1.299357000000000095e+00 5.061899999999999733e-02 2.028656568159999951e-01
0.000000000000000000e+00 1.299357000000000095e+00 9.513299999999999534e-02 2.032355683029999915e-01
0.000000000000000000e+00 1.299357000000000095e+00 1.281720000000000081e-01 1.998858724329999892e-01
0.000000000000000000e+00 1.299357000000000095e+00 1.457519999999999927e-01 1.991392437889999978e-01
0.000000000000000000e+00 1.408557000000000059e+00 -1.457519999999999927e-01 1.950076050679999951e-01
0.000000000000000000e+00 1.408557000000000059e+00 -1.281720000000000081e-01 2.072590207620000069e-01
0.000000000000000000e+00 1.408557000000000059e+00 -9.513299999999999534e-02 2.082909523090000214e-01
0.000000000000000000e+00 1.408557000000000059e+00 -5.061899999999999733e-02 2.063113070659999826e-01
0.000000000000000000e+00 1.408557000000000059e+00 0.000000000000000000e+00 2.068209211320000129e-01
0.000000000000000000e+00 1.408557000000000059e+00 5.061899999999999733e-02 2.048174643650000071e-01
0.000000000000000000e+00 1.408557000000000059e+00 9.513299999999999534e-02 2.038860692509999739e-01
0.000000000000000000e+00 1.408557000000000059e+00 1.281720000000000081e-01 2.014553140520000118e-01
0.000000000000000000e+00 1.408557000000000059e+00 1.457519999999999927e-01 1.913018581109999783e-01
0.000000000000000000e+00 1.509880000000000111e+00 -1.457519999999999927e-01 1.956812926550000054e-01
0.000000000000000000e+00 1.509880000000000111e+00 -1.281720000000000081e-01 2.080056947009999990e-01
0.000000000000000000e+00 1.509880000000000111e+00 -9.513299999999999534e-02 2.105239499060000130e-01
0.000000000000000000e+00 1.509880000000000111e+00 -5.061899999999999733e-02 2.077120752189999808e-01
0.000000000000000000e+00 1.509880000000000111e+00 0.000000000000000000e+00 2.078280722569999794e-01
0.000000000000000000e+00 1.509880000000000111e+00 5.061899999999999733e-02 2.084129896770000046e-01
0.000000000000000000e+00 1.509880000000000111e+00 9.513299999999999534e-02 2.081562385669999959e-01
0.000000000000000000e+00 1.509880000000000111e+00 1.281720000000000081e-01 2.055248034939999857e-01
0.000000000000000000e+00 1.509880000000000111e+00 1.457519999999999927e-01 1.951588095440000004e-01
0.000000000000000000e+00 1.602759000000000045e+00 -1.457519999999999927e-01 1.924868649069999826e-01
0.000000000000000000e+00 1.602759000000000045e+00 -1.281720000000000081e-01 2.031924884880000060e-01
0.000000000000000000e+00 1.602759000000000045e+00 -9.513299999999999534e-02 2.092039885120000053e-01
0.000000000000000000e+00 1.602759000000000045e+00 -5.061899999999999733e-02 2.077900215229999958e-01
0.000000000000000000e+00 1.602759000000000045e+00 0.000000000000000000e+00 2.079621768910000223e-01
0.000000000000000000e+00 1.602759000000000045e+00 5.061899999999999733e-02 2.095463700209999891e-01
0.000000000000000000e+00 1.602759000000000045e+00 9.513299999999999534e-02 2.115946924799999851e-01
0.000000000000000000e+00 1.602759000000000045e+00 1.281720000000000081e-01 2.078113898510000057e-01
0.000000000000000000e+00 1.602759000000000045e+00 1.457519999999999927e-01 1.916580741930000165e-01
0.000000000000000000e+00 1.686674999999999924e+00 -1.457519999999999927e-01 1.891155786750000067e-01
0.000000000000000000e+00 1.686674999999999924e+00 -1.281720000000000081e-01 1.979390967859999961e-01
0.000000000000000000e+00 1.686674999999999924e+00 -9.513299999999999534e-02 2.061645785729999958e-01
0.000000000000000000e+00 1.686674999999999924e+00 -5.061899999999999733e-02 2.065652298129999898e-01
0.000000000000000000e+00 1.686674999999999924e+00 0.000000000000000000e+00 2.061238606009999919e-01
0.000000000000000000e+00 1.686674999999999924e+00 5.061899999999999733e-02 2.065297659349999981e-01
0.000000000000000000e+00 1.686674999999999924e+00 9.513299999999999534e-02 2.097277742220000074e-01
0.000000000000000000e+00 1.686674999999999924e+00 1.281720000000000081e-01 2.033554065080000195e-01
0.000000000000000000e+00 1.686674999999999924e+00 1.457519999999999927e-01 1.961920432639999989e-01
0.000000000000000000e+00 1.761158000000000001e+00 -1.457519999999999927e-01 1.948370014099999881e-01
0.000000000000000000e+00 1.761158000000000001e+00 -1.281720000000000081e-01 2.046099742500000207e-01
0.000000000000000000e+00 1.761158000000000001e+00 -9.513299999999999534e-02 2.120010639959999943e-01
0.000000000000000000e+00 1.761158000000000001e+00 -5.061899999999999733e-02 2.109042488960000128e-01
0.000000000000000000e+00 1.761158000000000001e+00 0.000000000000000000e+00 2.090188535489999888e-01
0.000000000000000000e+00 1.761158000000000001e+00 5.061899999999999733e-02 2.086793990419999745e-01
0.000000000000000000e+00 1.761158000000000001e+00 9.513299999999999534e-02 2.124399919819999760e-01
0.000000000000000000e+00 1.761158000000000001e+00 1.281720000000000081e-01 2.053326096699999992e-01
0.000000000000000000e+00 1.761158000000000001e+00 1.457519999999999927e-01 2.003144408790000219e-01
0.000000000000000000e+00 1.825792000000000082e+00 -1.457519999999999927e-01 1.992624208680000286e-01
0.000000000000000000e+00 1.825792000000000082e+00 -1.281720000000000081e-01 2.059347420809999885e-01
0.000000000000000000e+00 1.825792000000000082e+00 -9.513299999999999534e-02 2.137130291209999866e-01
0.000000000000000000e+00 1.825792000000000082e+00 -5.061899999999999733e-02 2.129951264559999946e-01
0.000000000000000000e+00 1.825792000000000082e+00 0.000000000000000000e+00 2.114195867060000011e-01
0.000000000000000000e+00 1.825792000000000082e+00 5.061899999999999733e-02 2.141449426869999895e-01
0.000000000000000000e+00 1.825792000000000082e+00 9.513299999999999534e-02 2.150736277769999816e-01
0.000000000000000000e+00 1.825792000000000082e+00 1.281720000000000081e-01 2.088475858309999933e-01
0.000000000000000000e+00 1.825792000000000082e+00 1.457519999999999927e-01 2.079294916270000015e-01
0.000000000000000000e+00 1.880216000000000109e+00 -1.457519999999999927e-01 2.077859021889999769e-01
0.000000000000000000e+00 1.880216000000000109e+00 -1.281720000000000081e-01 2.116344581730000007e-01
0.000000000000000000e+00 1.880216000000000109e+00 -9.513299999999999534e-02 2.179276204610000045e-01
0.000000000000000000e+00 1.880216000000000109e+00 -5.061899999999999733e-02 2.145104087970000073e-01
0.000000000000000000e+00 1.880216000000000109e+00 0.000000000000000000e+00 2.140786690019999827e-01
0.000000000000000000e+00 1.880216000000000109e+00 5.061899999999999733e-02 2.157371730449999803e-01
0.000000000000000000e+00 1.880216000000000109e+00 9.513299999999999534e-02 2.204233248069999984e-01
0.000000000000000000e+00 1.880216000000000109e+00 1.281720000000000081e-01 2.157975419990000032e-01
0.000000000000000000e+00 1.880216000000000109e+00 1.457519999999999927e-01 2.120758942529999969e-01
0.000000000000000000e+00 1.924123999999999945e+00 -1.457519999999999927e-01 2.169474362510000198e-01
0.000000000000000000e+00 1.924123999999999945e+00 -1.281720000000000081e-01 2.166551759409999778e-01
0.000000000000000000e+00 1.924123999999999945e+00 -9.513299999999999534e-02 2.225331631420000011e-01
0.000000000000000000e+00 1.924123999999999945e+00 -5.061899999999999733e-02 2.159741171029999907e-01
0.000000000000000000e+00 1.924123999999999945e+00 0.000000000000000000e+00 2.164752087590000040e-01
0.000000000000000000e+00 1.924123999999999945e+00 5.061899999999999733e-02 2.186999735680000001e-01
0.000000000000000000e+00 1.924123999999999945e+00 9.513299999999999534e-02 2.231501430170000078e-01
0.000000000000000000e+00 1.924123999999999945e+00 1.281720000000000081e-01 2.218222122619999959e-01
0.000000000000000000e+00 1.924123999999999945e+00 1.457519999999999927e-01 2.186215736499999840e-01
0.000000000000000000e+00 1.957271999999999901e+00 -1.457519999999999927e-01 2.198413064200000211e-01
0.000000000000000000e+00 1.957271999999999901e+00 -1.281720000000000081e-01 2.272437236670000194e-01
0.000000000000000000e+00 1.957271999999999901e+00 -9.513299999999999534e-02 2.207801752509999937e-01
0.000000000000000000e+00 1.957271999999999901e+00 -5.061899999999999733e-02 2.157107966899999840e-01
0.000000000000000000e+00 1.957271999999999901e+00 0.000000000000000000e+00 2.173723030449999927e-01
0.000000000000000000e+00 1.957271999999999901e+00 5.061899999999999733e-02 2.168132723609999812e-01
0.000000000000000000e+00 1.957271999999999901e+00 9.513299999999999534e-02 2.232612415909999981e-01
0.000000000000000000e+00 1.957271999999999901e+00 1.281720000000000081e-01 2.317313893459999885e-01
0.000000000000000000e+00 1.957271999999999901e+00 1.457519999999999927e-01 2.229137031089999943e-01
0.000000000000000000e+00 1.979475000000000096e+00 -1.457519999999999927e-01 2.152650425490000019e-01
0.000000000000000000e+00 1.979475000000000096e+00 -1.281720000000000081e-01 2.114783540530000006e-01
0.000000000000000000e+00 1.979475000000000096e+00 -9.513299999999999534e-02 2.134186464199999966e-01
0.000000000000000000e+00 1.979475000000000096e+00 -5.061899999999999733e-02 2.039860321640000196e-01
0.000000000000000000e+00 1.979475000000000096e+00 0.000000000000000000e+00 2.094687333809999996e-01
0.000000000000000000e+00 1.979475000000000096e+00 5.061899999999999733e-02 2.047972029879999989e-01
0.000000000000000000e+00 1.979475000000000096e+00 9.513299999999999534e-02 2.162348815829999993e-01
0.000000000000000000e+00 1.979475000000000096e+00 1.281720000000000081e-01 2.156753114579999797e-01
0.000000000000000000e+00 1.979475000000000096e+00 1.457519999999999927e-01 2.217116238509999893e-01
0.000000000000000000e+00 1.990607000000000015e+00 -1.457519999999999927e-01 2.068888645140000149e-01
0.000000000000000000e+00 1.990607000000000015e+00 -1.281720000000000081e-01 2.101925279780000044e-01
0.000000000000000000e+00 1.990607000000000015e+00 -9.513299999999999534e-02 2.106726338909999940e-01
0.000000000000000000e+00 1.990607000000000015e+00 -5.061899999999999733e-02 2.015576117469999873e-01
0.000000000000000000e+00 1.990607000000000015e+00 0.000000000000000000e+00 2.081790875200000002e-01
0.000000000000000000e+00 1.990607000000000015e+00 5.061899999999999733e-02 2.027510289739999916e-01
0.000000000000000000e+00 1.990607000000000015e+00 9.513299999999999534e-02 2.107637939229999868e-01
0.000000000000000000e+00 1.990607000000000015e+00 1.281720000000000081e-01 2.142285878190000048e-01
0.000000000000000000e+00 1.990607000000000015e+00 1.457519999999999927e-01 2.071366663820000120e-01
