# ['# x', 'y', 'z', 'rmsCpHF']
7.381000000000000408e-03 2.000000000000000000e+00 -1.457519999999999927e-01 3.052630474709999708e-01
1.838599999999999957e-02 2.000000000000000000e+00 -1.457519999999999927e-01 3.245407197840000091e-01
4.014800000000000313e-02 2.000000000000000000e+00 -1.457519999999999927e-01 2.935721022619999787e-01
7.218299999999999716e-02 2.000000000000000000e+00 -1.457519999999999927e-01 3.017124562579999725e-01
1.137750000000000011e-01 2.000000000000000000e+00 -1.457519999999999927e-01 2.991607844340000155e-01
1.639950000000000019e-01 2.000000000000000000e+00 -1.457519999999999927e-01 2.879238049780000197e-01
2.217200000000000004e-01 2.000000000000000000e+00 -1.457519999999999927e-01 2.760282739059999879e-01
2.856609999999999983e-01 2.000000000000000000e+00 -1.457519999999999927e-01 2.495609387090000075e-01
3.543910000000000116e-01 2.000000000000000000e+00 -1.457519999999999927e-01 2.304125039519999973e-01
4.263730000000000020e-01 2.000000000000000000e+00 -1.457519999999999927e-01 1.926562274830000143e-01
5.000000000000000000e-01 2.000000000000000000e+00 -1.457519999999999927e-01 1.715726747040000055e-01
5.736269999999999980e-01 2.000000000000000000e+00 -1.457519999999999927e-01 1.463643460019999898e-01
6.456089999999999884e-01 2.000000000000000000e+00 -1.457519999999999927e-01 1.319796042409999981e-01
7.143389999999999462e-01 2.000000000000000000e+00 -1.457519999999999927e-01 1.190438602449999939e-01
7.782799999999999718e-01 2.000000000000000000e+00 -1.457519999999999927e-01 1.104334083259999877e-01
8.360049999999999981e-01 2.000000000000000000e+00 -1.457519999999999927e-01 1.018482132809999940e-01
8.862250000000000405e-01 2.000000000000000000e+00 -1.457519999999999927e-01 9.746149958599999163e-02
9.278170000000000028e-01 2.000000000000000000e+00 -1.457519999999999927e-01 8.920464567199999639e-02
9.598520000000000385e-01 2.000000000000000000e+00 -1.457519999999999927e-01 8.679319613500001418e-02
9.816139999999999866e-01 2.000000000000000000e+00 -1.457519999999999927e-01 8.807614592399999609e-02
9.926190000000000291e-01 2.000000000000000000e+00 -1.457519999999999927e-01 1.047825281079999976e-01
7.381000000000000408e-03 2.000000000000000000e+00 -1.281720000000000081e-01 3.301766207019999899e-01
1.838599999999999957e-02 2.000000000000000000e+00 -1.281720000000000081e-01 3.126942405359999788e-01
4.014800000000000313e-02 2.000000000000000000e+00 -1.281720000000000081e-01 2.977219879699999905e-01
7.218299999999999716e-02 2.000000000000000000e+00 -1.281720000000000081e-01 2.980799771339999737e-01
1.137750000000000011e-01 2.000000000000000000e+00 -1.281720000000000081e-01 2.933518652439999763e-01
1.639950000000000019e-01 2.000000000000000000e+00 -1.281720000000000081e-01 2.792353066530000039e-01
2.217200000000000004e-01 2.000000000000000000e+00 -1.281720000000000081e-01 2.597360066450000171e-01
2.856609999999999983e-01 2.000000000000000000e+00 -1.281720000000000081e-01 2.272704495160000060e-01
3.543910000000000116e-01 2.000000000000000000e+00 -1.281720000000000081e-01 1.959353035430000112e-01
4.263730000000000020e-01 2.000000000000000000e+00 -1.281720000000000081e-01 1.655574755780000185e-01
5.000000000000000000e-01 2.000000000000000000e+00 -1.281720000000000081e-01 1.422915013130000017e-01
5.736269999999999980e-01 2.000000000000000000e+00 -1.281720000000000081e-01 1.213732527649999948e-01
6.456089999999999884e-01 2.000000000000000000e+00 -1.281720000000000081e-01 1.070213466369999977e-01
7.143389999999999462e-01 2.000000000000000000e+00 -1.281720000000000081e-01 9.599633185799999469e-02
7.782799999999999718e-01 2.000000000000000000e+00 -1.281720000000000081e-01 8.792698430900000583e-02
8.360049999999999981e-01 2.000000000000000000e+00 -1.281720000000000081e-01 8.191636930300000285e-02
8.862250000000000405e-01 2.000000000000000000e+00 -1.281720000000000081e-01 7.731708751000000712e-02
9.278170000000000028e-01 2.000000000000000000e+00 -1.281720000000000081e-01 7.564862286899999566e-02
9.598520000000000385e-01 2.000000000000000000e+00 -1.281720000000000081e-01 7.477542667900000106e-02
9.816139999999999866e-01 2.000000000000000000e+00 -1.281720000000000081e-01 8.718792304999999077e-02
9.926190000000000291e-01 2.000000000000000000e+00 -1.281720000000000081e-01 1.145618071209999894e-01
7.381000000000000408e-03 2.000000000000000000e+00 -9.513299999999999534e-02 3.049184803950000244e-01
1.838599999999999957e-02 2.000000000000000000e+00 -9.513299999999999534e-02 2.959182159760000430e-01
4.014800000000000313e-02 2.000000000000000000e+00 -9.513299999999999534e-02 2.967903411539999925e-01
7.218299999999999716e-02 2.000000000000000000e+00 -9.513299999999999534e-02 2.917681540750000080e-01
1.137750000000000011e-01 2.000000000000000000e+00 -9.513299999999999534e-02 2.809969162510000396e-01
1.639950000000000019e-01 2.000000000000000000e+00 -9.513299999999999534e-02 2.609706990480000210e-01
2.217200000000000004e-01 2.000000000000000000e+00 -9.513299999999999534e-02 2.469474402899999865e-01
2.856609999999999983e-01 2.000000000000000000e+00 -9.513299999999999534e-02 2.214550007680000099e-01
3.543910000000000116e-01 2.000000000000000000e+00 -9.513299999999999534e-02 1.903262187429999863e-01
4.263730000000000020e-01 2.000000000000000000e+00 -9.513299999999999534e-02 1.581808525550000011e-01
5.000000000000000000e-01 2.000000000000000000e+00 -9.513299999999999534e-02 1.349733613680000055e-01
5.736269999999999980e-01 2.000000000000000000e+00 -9.513299999999999534e-02 1.157246085419999931e-01
6.456089999999999884e-01 2.000000000000000000e+00 -9.513299999999999534e-02 1.016574949169999909e-01
7.143389999999999462e-01 2.000000000000000000e+00 -9.513299999999999534e-02 9.005057575500000078e-02
7.782799999999999718e-01 2.000000000000000000e+00 -9.513299999999999534e-02 8.297928603000000181e-02
8.360049999999999981e-01 2.000000000000000000e+00 -9.513299999999999534e-02 7.693767076000000704e-02
8.862250000000000405e-01 2.000000000000000000e+00 -9.513299999999999534e-02 7.317471022900000344e-02
9.278170000000000028e-01 2.000000000000000000e+00 -9.513299999999999534e-02 7.085848956699999923e-02
9.598520000000000385e-01 2.000000000000000000e+00 -9.513299999999999534e-02 7.293888556099999143e-02
9.816139999999999866e-01 2.000000000000000000e+00 -9.513299999999999534e-02 8.984278767899998852e-02
9.926190000000000291e-01 2.000000000000000000e+00 -9.513299999999999534e-02 1.136491690140000038e-01
7.381000000000000408e-03 2.000000000000000000e+00 -5.061899999999999733e-02 2.653559553229999923e-01
1.838599999999999957e-02 2.000000000000000000e+00 -5.061899999999999733e-02 2.552576795820000188e-01
4.014800000000000313e-02 2.000000000000000000e+00 -5.061899999999999733e-02 2.753897170660000171e-01
7.218299999999999716e-02 2.000000000000000000e+00 -5.061899999999999733e-02 2.757928167559999810e-01
1.137750000000000011e-01 2.000000000000000000e+00 -5.061899999999999733e-02 2.636798088110000049e-01
1.639950000000000019e-01 2.000000000000000000e+00 -5.061899999999999733e-02 2.406136669929999916e-01
2.217200000000000004e-01 2.000000000000000000e+00 -5.061899999999999733e-02 2.336396231650000044e-01
2.856609999999999983e-01 2.000000000000000000e+00 -5.061899999999999733e-02 2.143240582629999946e-01
3.543910000000000116e-01 2.000000000000000000e+00 -5.061899999999999733e-02 1.793913138630000015e-01
4.263730000000000020e-01 2.000000000000000000e+00 -5.061899999999999733e-02 1.513205354619999998e-01
5.000000000000000000e-01 2.000000000000000000e+00 -5.061899999999999733e-02 1.269701801669999852e-01
5.736269999999999980e-01 2.000000000000000000e+00 -5.061899999999999733e-02 1.091251926700000097e-01
6.456089999999999884e-01 2.000000000000000000e+00 -5.061899999999999733e-02 9.624505685000001032e-02
7.143389999999999462e-01 2.000000000000000000e+00 -5.061899999999999733e-02 8.717000644099999473e-02
7.782799999999999718e-01 2.000000000000000000e+00 -5.061899999999999733e-02 8.115145001299998995e-02
8.360049999999999981e-01 2.000000000000000000e+00 -5.061899999999999733e-02 7.505081787100000013e-02
8.862250000000000405e-01 2.000000000000000000e+00 -5.061899999999999733e-02 7.104264592199999173e-02
9.278170000000000028e-01 2.000000000000000000e+00 -5.061899999999999733e-02 6.944933256299999635e-02
9.598520000000000385e-01 2.000000000000000000e+00 -5.061899999999999733e-02 7.239536231100000829e-02
9.816139999999999866e-01 2.000000000000000000e+00 -5.061899999999999733e-02 9.042927495300000229e-02
9.926190000000000291e-01 2.000000000000000000e+00 -5.061899999999999733e-02 1.143292335779999974e-01
7.381000000000000408e-03 2.000000000000000000e+00 0.000000000000000000e+00 2.584123621850000219e-01
1.838599999999999957e-02 2.000000000000000000e+00 0.000000000000000000e+00 2.418947428340000039e-01
4.014800000000000313e-02 2.000000000000000000e+00 0.000000000000000000e+00 2.583025348140000066e-01
7.218299999999999716e-02 2.000000000000000000e+00 0.000000000000000000e+00 2.620246400810000154e-01
1.137750000000000011e-01 2.000000000000000000e+00 0.000000000000000000e+00 2.582602494929999715e-01
1.639950000000000019e-01 2.000000000000000000e+00 0.000000000000000000e+00 2.342263988019999965e-01
2.217200000000000004e-01 2.000000000000000000e+00 0.000000000000000000e+00 2.248310715359999878e-01
2.856609999999999983e-01 2.000000000000000000e+00 0.000000000000000000e+00 2.105252994220000173e-01
3.543910000000000116e-01 2.000000000000000000e+00 0.000000000000000000e+00 1.806099164550000191e-01
4.263730000000000020e-01 2.000000000000000000e+00 0.000000000000000000e+00 1.527829622140000065e-01
5.000000000000000000e-01 2.000000000000000000e+00 0.000000000000000000e+00 1.275906809210000104e-01
5.736269999999999980e-01 2.000000000000000000e+00 0.000000000000000000e+00 1.081056891070000109e-01
6.456089999999999884e-01 2.000000000000000000e+00 0.000000000000000000e+00 9.377341574200000196e-02
7.143389999999999462e-01 2.000000000000000000e+00 0.000000000000000000e+00 8.388714492300000658e-02
7.782799999999999718e-01 2.000000000000000000e+00 0.000000000000000000e+00 7.788797723099999404e-02
8.360049999999999981e-01 2.000000000000000000e+00 0.000000000000000000e+00 7.426427593800000171e-02
8.862250000000000405e-01 2.000000000000000000e+00 0.000000000000000000e+00 7.053024862300000253e-02
9.278170000000000028e-01 2.000000000000000000e+00 0.000000000000000000e+00 6.881267150099999730e-02
9.598520000000000385e-01 2.000000000000000000e+00 0.000000000000000000e+00 7.196454803200000305e-02
9.816139999999999866e-01 2.000000000000000000e+00 0.000000000000000000e+00 9.052887448899998857e-02
9.926190000000000291e-01 2.000000000000000000e+00 0.000000000000000000e+00 1.166460810510000085e-01
7.381000000000000408e-03 2.000000000000000000e+00 5.061899999999999733e-02 2.630886862460000142e-01
1.838599999999999957e-02 2.000000000000000000e+00 5.061899999999999733e-02 2.510447550340000333e-01
4.014800000000000313e-02 2.000000000000000000e+00 5.061899999999999733e-02 2.685965802589999618e-01
7.218299999999999716e-02 2.000000000000000000e+00 5.061899999999999733e-02 2.688599190040000253e-01
1.137750000000000011e-01 2.000000000000000000e+00 5.061899999999999733e-02 2.634541013710000046e-01
1.639950000000000019e-01 2.000000000000000000e+00 5.061899999999999733e-02 2.440392243739999967e-01
2.217200000000000004e-01 2.000000000000000000e+00 5.061899999999999733e-02 2.347403883790000201e-01
2.856609999999999983e-01 2.000000000000000000e+00 5.061899999999999733e-02 2.180697853970000044e-01
3.543910000000000116e-01 2.000000000000000000e+00 5.061899999999999733e-02 1.847830858210000038e-01
4.263730000000000020e-01 2.000000000000000000e+00 5.061899999999999733e-02 1.535844858000000035e-01
5.000000000000000000e-01 2.000000000000000000e+00 5.061899999999999733e-02 1.275468484210000031e-01
5.736269999999999980e-01 2.000000000000000000e+00 5.061899999999999733e-02 1.101054065760000006e-01
6.456089999999999884e-01 2.000000000000000000e+00 5.061899999999999733e-02 9.625503084499999196e-02
7.143389999999999462e-01 2.000000000000000000e+00 5.061899999999999733e-02 8.632170661200000428e-02
7.782799999999999718e-01 2.000000000000000000e+00 5.061899999999999733e-02 8.034221911100000724e-02
8.360049999999999981e-01 2.000000000000000000e+00 5.061899999999999733e-02 7.558650373899999941e-02
8.862250000000000405e-01 2.000000000000000000e+00 5.061899999999999733e-02 7.177672326200000563e-02
9.278170000000000028e-01 2.000000000000000000e+00 5.061899999999999733e-02 6.972041943699999744e-02
9.598520000000000385e-01 2.000000000000000000e+00 5.061899999999999733e-02 7.222053624099999958e-02
9.816139999999999866e-01 2.000000000000000000e+00 5.061899999999999733e-02 9.023055799699999935e-02
9.926190000000000291e-01 2.000000000000000000e+00 5.061899999999999733e-02 1.152396006930000022e-01
7.381000000000000408e-03 2.000000000000000000e+00 9.513299999999999534e-02 2.932212040030000022e-01
1.838599999999999957e-02 2.000000000000000000e+00 9.513299999999999534e-02 2.837553940120000062e-01
4.014800000000000313e-02 2.000000000000000000e+00 9.513299999999999534e-02 2.874975772569999810e-01
7.218299999999999716e-02 2.000000000000000000e+00 9.513299999999999534e-02 2.832902182200000007e-01
1.137750000000000011e-01 2.000000000000000000e+00 9.513299999999999534e-02 2.798937857900000159e-01
1.639950000000000019e-01 2.000000000000000000e+00 9.513299999999999534e-02 2.636690197279999981e-01
2.217200000000000004e-01 2.000000000000000000e+00 9.513299999999999534e-02 2.518695501379999979e-01
2.856609999999999983e-01 2.000000000000000000e+00 9.513299999999999534e-02 2.272785958140000062e-01
3.543910000000000116e-01 2.000000000000000000e+00 9.513299999999999534e-02 1.947274537090000202e-01
4.263730000000000020e-01 2.000000000000000000e+00 9.513299999999999534e-02 1.584780587150000086e-01
5.000000000000000000e-01 2.000000000000000000e+00 9.513299999999999534e-02 1.330821749749999949e-01
5.736269999999999980e-01 2.000000000000000000e+00 9.513299999999999534e-02 1.154706091510000060e-01
6.456089999999999884e-01 2.000000000000000000e+00 9.513299999999999534e-02 1.011394130760000093e-01
7.143389999999999462e-01 2.000000000000000000e+00 9.513299999999999534e-02 9.075763808499999474e-02
7.782799999999999718e-01 2.000000000000000000e+00 9.513299999999999534e-02 8.445305457699998908e-02
8.360049999999999981e-01 2.000000000000000000e+00 9.513299999999999534e-02 7.886679582100000752e-02
8.862250000000000405e-01 2.000000000000000000e+00 9.513299999999999534e-02 7.472189540799999141e-02
9.278170000000000028e-01 2.000000000000000000e+00 9.513299999999999534e-02 7.213590742200000350e-02
9.598520000000000385e-01 2.000000000000000000e+00 9.513299999999999534e-02 7.338356524899999900e-02
9.816139999999999866e-01 2.000000000000000000e+00 9.513299999999999534e-02 8.905361881899999388e-02
9.926190000000000291e-01 2.000000000000000000e+00 9.513299999999999534e-02 1.130326154670000111e-01
7.381000000000000408e-03 2.000000000000000000e+00 1.281720000000000081e-01 3.220372892109999996e-01
1.838599999999999957e-02 2.000000000000000000e+00 1.281720000000000081e-01 3.019632702650000278e-01
4.014800000000000313e-02 2.000000000000000000e+00 1.281720000000000081e-01 2.900342329760000060e-01
7.218299999999999716e-02 2.000000000000000000e+00 1.281720000000000081e-01 2.940001485670000192e-01
1.137750000000000011e-01 2.000000000000000000e+00 1.281720000000000081e-01 2.944132261990000110e-01
1.639950000000000019e-01 2.000000000000000000e+00 1.281720000000000081e-01 2.818159162070000279e-01
2.217200000000000004e-01 2.000000000000000000e+00 1.281720000000000081e-01 2.650850405429999723e-01
2.856609999999999983e-01 2.000000000000000000e+00 1.281720000000000081e-01 2.354028410090000245e-01
3.543910000000000116e-01 2.000000000000000000e+00 1.281720000000000081e-01 1.963297284360000228e-01
4.263730000000000020e-01 2.000000000000000000e+00 1.281720000000000081e-01 1.666196855749999817e-01
5.000000000000000000e-01 2.000000000000000000e+00 1.281720000000000081e-01 1.424052502410000087e-01
5.736269999999999980e-01 2.000000000000000000e+00 1.281720000000000081e-01 1.216547550970000086e-01
6.456089999999999884e-01 2.000000000000000000e+00 1.281720000000000081e-01 1.071512171340000125e-01
7.143389999999999462e-01 2.000000000000000000e+00 1.281720000000000081e-01 9.663938789800000095e-02
7.782799999999999718e-01 2.000000000000000000e+00 1.281720000000000081e-01 8.945442640699999282e-02
8.360049999999999981e-01 2.000000000000000000e+00 1.281720000000000081e-01 8.363688594500000295e-02
8.862250000000000405e-01 2.000000000000000000e+00 1.281720000000000081e-01 7.914259421400000882e-02
9.278170000000000028e-01 2.000000000000000000e+00 1.281720000000000081e-01 7.759651921000000618e-02
9.598520000000000385e-01 2.000000000000000000e+00 1.281720000000000081e-01 7.615956779199999083e-02
9.816139999999999866e-01 2.000000000000000000e+00 1.281720000000000081e-01 8.718614935900001472e-02
9.926190000000000291e-01 2.000000000000000000e+00 1.281720000000000081e-01 1.138170949400000020e-01
7.381000000000000408e-03 2.000000000000000000e+00 1.457519999999999927e-01 2.936666270259999934e-01
1.838599999999999957e-02 2.000000000000000000e+00 1.457519999999999927e-01 3.106971933069999636e-01
4.014800000000000313e-02 2.000000000000000000e+00 1.457519999999999927e-01 2.876124839670000100e-01
7.218299999999999716e-02 2.000000000000000000e+00 1.457519999999999927e-01 3.031337681919999971e-01
1.137750000000000011e-01 2.000000000000000000e+00 1.457519999999999927e-01 3.027684405080000030e-01
1.639950000000000019e-01 2.000000000000000000e+00 1.457519999999999927e-01 2.932753190849999858e-01
2.217200000000000004e-01 2.000000000000000000e+00 1.457519999999999927e-01 2.816031434250000354e-01
2.856609999999999983e-01 2.000000000000000000e+00 1.457519999999999927e-01 2.566328106760000227e-01
3.543910000000000116e-01 2.000000000000000000e+00 1.457519999999999927e-01 2.285760422720000129e-01
4.263730000000000020e-01 2.000000000000000000e+00 1.457519999999999927e-01 1.927799222500000131e-01
5.000000000000000000e-01 2.000000000000000000e+00 1.457519999999999927e-01 1.725742227790000027e-01
5.736269999999999980e-01 2.000000000000000000e+00 1.457519999999999927e-01 1.483030005120000161e-01
6.456089999999999884e-01 2.000000000000000000e+00 1.457519999999999927e-01 1.309602683500000198e-01
7.143389999999999462e-01 2.000000000000000000e+00 1.457519999999999927e-01 1.190581272980000133e-01
7.782799999999999718e-01 2.000000000000000000e+00 1.457519999999999927e-01 1.101302363079999930e-01
8.360049999999999981e-01 2.000000000000000000e+00 1.457519999999999927e-01 1.022246934039999916e-01
8.862250000000000405e-01 2.000000000000000000e+00 1.457519999999999927e-01 9.867808083900000971e-02
9.278170000000000028e-01 2.000000000000000000e+00 1.457519999999999927e-01 9.138093927799999239e-02
9.598520000000000385e-01 2.000000000000000000e+00 1.457519999999999927e-01 8.892706994700000367e-02
9.816139999999999866e-01 2.000000000000000000e+00 1.457519999999999927e-01 8.935627312100000164e-02
9.926190000000000291e-01 2.000000000000000000e+00 1.457519999999999927e-01 1.048858707179999850e-01
