# ['# x', 'y', 'z', 'rmsCpHF']
7.381336953649999741e-03 7.448299999999999366e-02 1.499994468471000097e-01 1.157293604819999988e-01
1.838605905171999955e-02 7.448299999999999366e-02 1.500001846441000042e-01 1.105223723719999940e-01
4.014853983683999705e-02 7.448299999999999366e-02 1.499999070626999997e-01 1.050390306740000002e-01
7.218368261403000641e-02 7.448299999999999366e-02 1.500004019804999922e-01 1.018138987220000014e-01
1.137754176583000015e-01 7.448299999999999366e-02 1.499994002521999881e-01 9.867951965299999462e-02
1.639947284942999961e-01 7.448299999999999366e-02 1.499997981412000136e-01 9.621526281900000255e-02
2.217197044548999962e-01 7.448299999999999366e-02 1.500003893706000069e-01 9.415442323599999830e-02
2.856613611894999738e-01 7.448299999999999366e-02 1.500005875550000090e-01 9.246547462899999681e-02
3.543909252735000237e-01 7.448299999999999366e-02 1.499996845307000060e-01 9.135458460499999711e-02
4.263727168947000212e-01 7.448299999999999366e-02 1.499998048382999993e-01 9.147195730000000358e-02
5.000000947161999942e-01 7.448299999999999366e-02 1.500001640531999914e-01 9.204882448199999678e-02
5.736269725377000084e-01 7.448299999999999366e-02 1.499996572427000074e-01 9.270596143199999473e-02
6.456087641587999748e-01 7.448299999999999366e-02 1.499997775503000008e-01 9.382213170799999502e-02
7.143388282428000391e-01 7.448299999999999366e-02 1.499997405514000015e-01 9.452087091199999624e-02
7.782804849773999889e-01 7.448299999999999366e-02 1.499999387358000036e-01 9.596433455500000265e-02
8.360049609380000302e-01 7.448299999999999366e-02 1.499996639397999931e-01 9.893684316199999329e-02
8.862242717739999831e-01 7.448299999999999366e-02 1.500000618287999909e-01 1.032678613269999990e-01
9.278165068182999686e-01 7.448299999999999366e-02 1.499999261258999905e-01 1.093155090660000023e-01
9.598516495954999561e-01 7.448299999999999366e-02 1.500004210437999863e-01 1.157551828419999956e-01
9.816141303805999696e-01 7.448299999999999366e-02 1.500001434623000063e-01 1.226013120499999942e-01
9.926183524787000056e-01 7.448299999999999366e-02 1.500000152340000004e-01 1.311272457169999905e-01
7.381336953649999741e-03 2.230330000000000090e-01 1.499994468471000097e-01 1.195455287620000029e-01
1.838605905171999955e-02 2.230330000000000090e-01 1.500001846441000042e-01 1.117359146230000044e-01
4.014853983683999705e-02 2.230330000000000090e-01 1.499999070626999997e-01 1.051229501629999952e-01
7.218368261403000641e-02 2.230330000000000090e-01 1.500004019804999922e-01 1.006464637340000051e-01
1.137754176583000015e-01 2.230330000000000090e-01 1.499994002521999881e-01 9.787321786300000326e-02
1.639947284942999961e-01 2.230330000000000090e-01 1.499997981412000136e-01 9.611376299899999920e-02
2.217197044548999962e-01 2.230330000000000090e-01 1.500003893706000069e-01 9.514500665099999421e-02
2.856613611894999738e-01 2.230330000000000090e-01 1.500005875550000090e-01 9.563468280799999888e-02
3.543909252735000237e-01 2.230330000000000090e-01 1.499996845307000060e-01 9.723323880999999724e-02
4.263727168947000212e-01 2.230330000000000090e-01 1.499998048382999993e-01 9.901736373099999378e-02
5.000000947161999942e-01 2.230330000000000090e-01 1.500001640531999914e-01 1.007918695379999979e-01
5.736269725377000084e-01 2.230330000000000090e-01 1.499996572427000074e-01 1.017125664769999993e-01
6.456087641587999748e-01 2.230330000000000090e-01 1.499997775503000008e-01 1.020945995110000004e-01
7.143388282428000391e-01 2.230330000000000090e-01 1.499997405514000015e-01 1.020070490030000054e-01
7.782804849773999889e-01 2.230330000000000090e-01 1.499999387358000036e-01 1.036499666139999998e-01
8.360049609380000302e-01 2.230330000000000090e-01 1.499996639397999931e-01 1.060643193350000041e-01
8.862242717739999831e-01 2.230330000000000090e-01 1.500000618287999909e-01 1.074297128610000041e-01
9.278165068182999686e-01 2.230330000000000090e-01 1.499999261258999905e-01 1.102439649669999938e-01
9.598516495954999561e-01 2.230330000000000090e-01 1.500004210437999863e-01 1.136964078630000041e-01
9.816141303805999696e-01 2.230330000000000090e-01 1.500001434623000063e-01 1.194140751139999984e-01
9.926183524787000056e-01 2.230330000000000090e-01 1.500000152340000004e-01 1.297337966719999958e-01
7.381336953649999741e-03 3.703359999999999985e-01 1.499994468471000097e-01 1.238410527020000068e-01
1.838605905171999955e-02 3.703359999999999985e-01 1.500001846441000042e-01 1.135838533260000033e-01
4.014853983683999705e-02 3.703359999999999985e-01 1.499999070626999997e-01 1.053063253080000067e-01
7.218368261403000641e-02 3.703359999999999985e-01 1.500004019804999922e-01 9.998378273499999858e-02
1.137754176583000015e-01 3.703359999999999985e-01 1.499994002521999881e-01 9.669617964099999630e-02
1.639947284942999961e-01 3.703359999999999985e-01 1.499997981412000136e-01 9.504059489699999419e-02
2.217197044548999962e-01 3.703359999999999985e-01 1.500003893706000069e-01 9.464998909499999780e-02
2.856613611894999738e-01 3.703359999999999985e-01 1.500005875550000090e-01 9.532999071400000135e-02
3.543909252735000237e-01 3.703359999999999985e-01 1.499996845307000060e-01 9.628868687699999873e-02
4.263727168947000212e-01 3.703359999999999985e-01 1.499998048382999993e-01 9.756504440900000408e-02
5.000000947161999942e-01 3.703359999999999985e-01 1.500001640531999914e-01 9.909070983600000437e-02
5.736269725377000084e-01 3.703359999999999985e-01 1.499996572427000074e-01 9.987845461300000338e-02
6.456087641587999748e-01 3.703359999999999985e-01 1.499997775503000008e-01 1.002225523409999985e-01
7.143388282428000391e-01 3.703359999999999985e-01 1.499997405514000015e-01 9.967446485599999739e-02
7.782804849773999889e-01 3.703359999999999985e-01 1.499999387358000036e-01 1.000478714470000030e-01
8.360049609380000302e-01 3.703359999999999985e-01 1.499996639397999931e-01 1.004508661480000009e-01
8.862242717739999831e-01 3.703359999999999985e-01 1.500000618287999909e-01 1.022635274380000042e-01
9.278165068182999686e-01 3.703359999999999985e-01 1.499999261258999905e-01 1.067430921849999992e-01
9.598516495954999561e-01 3.703359999999999985e-01 1.500004210437999863e-01 1.121959388029999949e-01
9.816141303805999696e-01 3.703359999999999985e-01 1.500001434623000063e-01 1.195743824019999957e-01
9.926183524787000056e-01 3.703359999999999985e-01 1.500000152340000004e-01 1.298836863039999900e-01
7.381336953649999741e-03 5.155680000000000263e-01 1.499994468471000097e-01 1.213966978169999933e-01
1.838605905171999955e-02 5.155680000000000263e-01 1.500001846441000042e-01 1.118179547859999984e-01
4.014853983683999705e-02 5.155680000000000263e-01 1.499999070626999997e-01 1.033143195030000044e-01
7.218368261403000641e-02 5.155680000000000263e-01 1.500004019804999922e-01 9.757416382099999563e-02
1.137754176583000015e-01 5.155680000000000263e-01 1.499994002521999881e-01 9.396792203400000654e-02
1.639947284942999961e-01 5.155680000000000263e-01 1.499997981412000136e-01 9.194045972599999839e-02
2.217197044548999962e-01 5.155680000000000263e-01 1.500003893706000069e-01 9.128350340299999643e-02
2.856613611894999738e-01 5.155680000000000263e-01 1.500005875550000090e-01 9.142574644199999434e-02
3.543909252735000237e-01 5.155680000000000263e-01 1.499996845307000060e-01 9.227264958099999637e-02
4.263727168947000212e-01 5.155680000000000263e-01 1.499998048382999993e-01 9.269523918500000015e-02
5.000000947161999942e-01 5.155680000000000263e-01 1.500001640531999914e-01 9.323482115499999445e-02
5.736269725377000084e-01 5.155680000000000263e-01 1.499996572427000074e-01 9.311304200099999873e-02
6.456087641587999748e-01 5.155680000000000263e-01 1.499997775503000008e-01 9.344976497099999335e-02
7.143388282428000391e-01 5.155680000000000263e-01 1.499997405514000015e-01 9.420730613099999318e-02
7.782804849773999889e-01 5.155680000000000263e-01 1.499999387358000036e-01 9.472900540100000211e-02
8.360049609380000302e-01 5.155680000000000263e-01 1.499996639397999931e-01 9.635531217399999349e-02
8.862242717739999831e-01 5.155680000000000263e-01 1.500000618287999909e-01 9.999988009099999853e-02
9.278165068182999686e-01 5.155680000000000263e-01 1.499999261258999905e-01 1.049634350839999952e-01
9.598516495954999561e-01 5.155680000000000263e-01 1.500004210437999863e-01 1.116290202570000001e-01
9.816141303805999696e-01 5.155680000000000263e-01 1.500001434623000063e-01 1.188181520659999935e-01
9.926183524787000056e-01 5.155680000000000263e-01 1.500000152340000004e-01 1.273647455680000096e-01
7.381336953649999741e-03 6.579159999999999453e-01 1.499994468471000097e-01 1.233545978649999986e-01
1.838605905171999955e-02 6.579159999999999453e-01 1.500001846441000042e-01 1.099465949790000008e-01
4.014853983683999705e-02 6.579159999999999453e-01 1.499999070626999997e-01 1.018790461190000052e-01
7.218368261403000641e-02 6.579159999999999453e-01 1.500004019804999922e-01 9.559905702800000626e-02
1.137754176583000015e-01 6.579159999999999453e-01 1.499994002521999881e-01 9.117929105500000020e-02
1.639947284942999961e-01 6.579159999999999453e-01 1.499997981412000136e-01 8.860884671999999518e-02
2.217197044548999962e-01 6.579159999999999453e-01 1.500003893706000069e-01 8.734673753900000504e-02
2.856613611894999738e-01 6.579159999999999453e-01 1.500005875550000090e-01 8.710643195900000246e-02
3.543909252735000237e-01 6.579159999999999453e-01 1.499996845307000060e-01 8.698948910699999537e-02
4.263727168947000212e-01 6.579159999999999453e-01 1.499998048382999993e-01 8.791296900799999703e-02
5.000000947161999942e-01 6.579159999999999453e-01 1.500001640531999914e-01 8.947888569199999309e-02
5.736269725377000084e-01 6.579159999999999453e-01 1.499996572427000074e-01 9.050664584699999460e-02
6.456087641587999748e-01 6.579159999999999453e-01 1.499997775503000008e-01 9.050316734100000149e-02
7.143388282428000391e-01 6.579159999999999453e-01 1.499997405514000015e-01 9.077207882899999969e-02
7.782804849773999889e-01 6.579159999999999453e-01 1.499999387358000036e-01 9.198423652199999578e-02
8.360049609380000302e-01 6.579159999999999453e-01 1.499996639397999931e-01 9.375363945600000137e-02
8.862242717739999831e-01 6.579159999999999453e-01 1.500000618287999909e-01 9.589041208399999572e-02
9.278165068182999686e-01 6.579159999999999453e-01 1.499999261258999905e-01 1.016920556180000018e-01
9.598516495954999561e-01 6.579159999999999453e-01 1.500004210437999863e-01 1.077952018229999948e-01
9.816141303805999696e-01 6.579159999999999453e-01 1.500001434623000063e-01 1.149066015989999995e-01
9.926183524787000056e-01 6.579159999999999453e-01 1.500000152340000004e-01 1.233831704880000019e-01
7.381336953649999741e-03 7.965849999999999875e-01 1.499994468471000097e-01 1.178942770270000051e-01
1.838605905171999955e-02 7.965849999999999875e-01 1.500001846441000042e-01 1.067538888540000008e-01
4.014853983683999705e-02 7.965849999999999875e-01 1.499999070626999997e-01 9.889375023799999720e-02
7.218368261403000641e-02 7.965849999999999875e-01 1.500004019804999922e-01 9.286706567199999596e-02
1.137754176583000015e-01 7.965849999999999875e-01 1.499994002521999881e-01 8.860534529999999909e-02
1.639947284942999961e-01 7.965849999999999875e-01 1.499997981412000136e-01 8.610685294599999817e-02
2.217197044548999962e-01 7.965849999999999875e-01 1.500003893706000069e-01 8.468111622599999722e-02
2.856613611894999738e-01 7.965849999999999875e-01 1.500005875550000090e-01 8.398499749500000500e-02
3.543909252735000237e-01 7.965849999999999875e-01 1.499996845307000060e-01 8.460759032700000681e-02
4.263727168947000212e-01 7.965849999999999875e-01 1.499998048382999993e-01 8.538504856999999670e-02
5.000000947161999942e-01 7.965849999999999875e-01 1.500001640531999914e-01 8.649147029100000272e-02
5.736269725377000084e-01 7.965849999999999875e-01 1.499996572427000074e-01 8.716823799900000336e-02
6.456087641587999748e-01 7.965849999999999875e-01 1.499997775503000008e-01 8.761897685500000255e-02
7.143388282428000391e-01 7.965849999999999875e-01 1.499997405514000015e-01 8.885929146000000334e-02
7.782804849773999889e-01 7.965849999999999875e-01 1.499999387358000036e-01 9.190653307700000219e-02
8.360049609380000302e-01 7.965849999999999875e-01 1.499996639397999931e-01 9.367569385299999440e-02
8.862242717739999831e-01 7.965849999999999875e-01 1.500000618287999909e-01 9.665471261600000474e-02
9.278165068182999686e-01 7.965849999999999875e-01 1.499999261258999905e-01 1.016096709679999988e-01
9.598516495954999561e-01 7.965849999999999875e-01 1.500004210437999863e-01 1.063273514869999964e-01
9.816141303805999696e-01 7.965849999999999875e-01 1.500001434623000063e-01 1.123264283239999994e-01
9.926183524787000056e-01 7.965849999999999875e-01 1.500000152340000004e-01 1.216351104750000023e-01
7.381336953649999741e-03 9.307990000000000430e-01 1.499994468471000097e-01 1.205400214879999987e-01
1.838605905171999955e-02 9.307990000000000430e-01 1.500001846441000042e-01 1.062258546109999952e-01
4.014853983683999705e-02 9.307990000000000430e-01 1.499999070626999997e-01 9.759508373599999620e-02
7.218368261403000641e-02 9.307990000000000430e-01 1.500004019804999922e-01 9.189566234800000677e-02
1.137754176583000015e-01 9.307990000000000430e-01 1.499994002521999881e-01 8.764369820400000344e-02
1.639947284942999961e-01 9.307990000000000430e-01 1.499997981412000136e-01 8.444534939200000478e-02
2.217197044548999962e-01 9.307990000000000430e-01 1.500003893706000069e-01 8.257917582300000614e-02
2.856613611894999738e-01 9.307990000000000430e-01 1.500005875550000090e-01 8.207114961200000225e-02
3.543909252735000237e-01 9.307990000000000430e-01 1.499996845307000060e-01 8.269140159399999968e-02
4.263727168947000212e-01 9.307990000000000430e-01 1.499998048382999993e-01 8.343254971800000142e-02
5.000000947161999942e-01 9.307990000000000430e-01 1.500001640531999914e-01 8.443508260300000567e-02
5.736269725377000084e-01 9.307990000000000430e-01 1.499996572427000074e-01 8.586801461899999655e-02
6.456087641587999748e-01 9.307990000000000430e-01 1.499997775503000008e-01 8.733430649899999454e-02
7.143388282428000391e-01 9.307990000000000430e-01 1.499997405514000015e-01 8.939976714200000008e-02
7.782804849773999889e-01 9.307990000000000430e-01 1.499999387358000036e-01 9.093214582200000173e-02
8.360049609380000302e-01 9.307990000000000430e-01 1.499996639397999931e-01 9.213964795800000385e-02
8.862242717739999831e-01 9.307990000000000430e-01 1.500000618287999909e-01 9.488115571199999543e-02
9.278165068182999686e-01 9.307990000000000430e-01 1.499999261258999905e-01 9.877707904400000183e-02
9.598516495954999561e-01 9.307990000000000430e-01 1.500004210437999863e-01 1.028681680530000031e-01
9.816141303805999696e-01 9.307990000000000430e-01 1.500001434623000063e-01 1.084991918349999945e-01
9.926183524787000056e-01 9.307990000000000430e-01 1.500000152340000004e-01 1.163112677099999992e-01
7.381336953649999741e-03 1.059808000000000083e+00 1.499994468471000097e-01 1.209054739349999935e-01
1.838605905171999955e-02 1.059808000000000083e+00 1.500001846441000042e-01 1.091189255930000018e-01
4.014853983683999705e-02 1.059808000000000083e+00 1.499999070626999997e-01 1.000089558530000006e-01
7.218368261403000641e-02 1.059808000000000083e+00 1.500004019804999922e-01 9.288342366799999528e-02
1.137754176583000015e-01 1.059808000000000083e+00 1.499994002521999881e-01 8.785174109200000192e-02
1.639947284942999961e-01 1.059808000000000083e+00 1.499997981412000136e-01 8.421601375399999367e-02
2.217197044548999962e-01 1.059808000000000083e+00 1.500003893706000069e-01 8.228844021700000566e-02
2.856613611894999738e-01 1.059808000000000083e+00 1.500005875550000090e-01 8.155861136299999425e-02
3.543909252735000237e-01 1.059808000000000083e+00 1.499996845307000060e-01 8.175379463000000124e-02
4.263727168947000212e-01 1.059808000000000083e+00 1.499998048382999993e-01 8.318441168800000396e-02
5.000000947161999942e-01 1.059808000000000083e+00 1.500001640531999914e-01 8.492834472499999343e-02
5.736269725377000084e-01 1.059808000000000083e+00 1.499996572427000074e-01 8.623828805600000647e-02
6.456087641587999748e-01 1.059808000000000083e+00 1.499997775503000008e-01 8.764934994100000154e-02
7.143388282428000391e-01 1.059808000000000083e+00 1.499997405514000015e-01 8.898085239899999888e-02
7.782804849773999889e-01 1.059808000000000083e+00 1.499999387358000036e-01 9.053110985300000246e-02
8.360049609380000302e-01 1.059808000000000083e+00 1.499996639397999931e-01 9.267479233900000057e-02
8.862242717739999831e-01 1.059808000000000083e+00 1.500000618287999909e-01 9.467195624599999970e-02
9.278165068182999686e-01 1.059808000000000083e+00 1.499999261258999905e-01 9.772403239400000163e-02
9.598516495954999561e-01 1.059808000000000083e+00 1.500004210437999863e-01 1.018633626819999971e-01
9.816141303805999696e-01 1.059808000000000083e+00 1.500001434623000063e-01 1.061011027070000029e-01
9.926183524787000056e-01 1.059808000000000083e+00 1.500000152340000004e-01 1.141854966129999954e-01
7.381336953649999741e-03 1.182889999999999997e+00 1.499994468471000097e-01 1.215832847150000035e-01
1.838605905171999955e-02 1.182889999999999997e+00 1.500001846441000042e-01 1.090977357390000013e-01
4.014853983683999705e-02 1.182889999999999997e+00 1.499999070626999997e-01 9.927698925700000065e-02
7.218368261403000641e-02 1.182889999999999997e+00 1.500004019804999922e-01 9.232053090300000597e-02
1.137754176583000015e-01 1.182889999999999997e+00 1.499994002521999881e-01 8.734752037199999819e-02
1.639947284942999961e-01 1.182889999999999997e+00 1.499997981412000136e-01 8.406033533199999686e-02
2.217197044548999962e-01 1.182889999999999997e+00 1.500003893706000069e-01 8.216836774899999307e-02
2.856613611894999738e-01 1.182889999999999997e+00 1.500005875550000090e-01 8.102236030899999386e-02
3.543909252735000237e-01 1.182889999999999997e+00 1.499996845307000060e-01 8.133744122600000681e-02
4.263727168947000212e-01 1.182889999999999997e+00 1.499998048382999993e-01 8.284341489200000574e-02
5.000000947161999942e-01 1.182889999999999997e+00 1.500001640531999914e-01 8.508316048599999515e-02
5.736269725377000084e-01 1.182889999999999997e+00 1.499996572427000074e-01 8.653578784300000604e-02
6.456087641587999748e-01 1.182889999999999997e+00 1.499997775503000008e-01 8.695248327599999771e-02
7.143388282428000391e-01 1.182889999999999997e+00 1.499997405514000015e-01 8.750015199900000595e-02
7.782804849773999889e-01 1.182889999999999997e+00 1.499999387358000036e-01 8.802564471300000637e-02
8.360049609380000302e-01 1.182889999999999997e+00 1.499996639397999931e-01 8.985824063300000553e-02
8.862242717739999831e-01 1.182889999999999997e+00 1.500000618287999909e-01 9.201465944400000208e-02
9.278165068182999686e-01 1.182889999999999997e+00 1.499999261258999905e-01 9.432451175299999546e-02
9.598516495954999561e-01 1.182889999999999997e+00 1.500004210437999863e-01 9.704434914300000270e-02
9.816141303805999696e-01 1.182889999999999997e+00 1.500001434623000063e-01 1.016939128329999997e-01
9.926183524787000056e-01 1.182889999999999997e+00 1.500000152340000004e-01 1.095278149299999948e-01
7.381336953649999741e-03 1.299357000000000095e+00 1.499994468471000097e-01 1.251667508619999925e-01
1.838605905171999955e-02 1.299357000000000095e+00 1.500001846441000042e-01 1.126409017760000020e-01
4.014853983683999705e-02 1.299357000000000095e+00 1.499999070626999997e-01 9.960823160199999693e-02
7.218368261403000641e-02 1.299357000000000095e+00 1.500004019804999922e-01 9.192084497600000459e-02
1.137754176583000015e-01 1.299357000000000095e+00 1.499994002521999881e-01 8.703721757599999775e-02
1.639947284942999961e-01 1.299357000000000095e+00 1.499997981412000136e-01 8.382729670300000102e-02
2.217197044548999962e-01 1.299357000000000095e+00 1.500003893706000069e-01 8.191859063999999691e-02
2.856613611894999738e-01 1.299357000000000095e+00 1.500005875550000090e-01 8.100482623900000234e-02
3.543909252735000237e-01 1.299357000000000095e+00 1.499996845307000060e-01 8.149119538799999563e-02
4.263727168947000212e-01 1.299357000000000095e+00 1.499998048382999993e-01 8.294841702100000380e-02
5.000000947161999942e-01 1.299357000000000095e+00 1.500001640531999914e-01 8.419393235699999811e-02
5.736269725377000084e-01 1.299357000000000095e+00 1.499996572427000074e-01 8.528438241100000372e-02
6.456087641587999748e-01 1.299357000000000095e+00 1.499997775503000008e-01 8.578147709199999971e-02
7.143388282428000391e-01 1.299357000000000095e+00 1.499997405514000015e-01 8.720787861800000096e-02
7.782804849773999889e-01 1.299357000000000095e+00 1.499999387358000036e-01 8.870848379800000405e-02
8.360049609380000302e-01 1.299357000000000095e+00 1.499996639397999931e-01 9.004489128400000597e-02
8.862242717739999831e-01 1.299357000000000095e+00 1.500000618287999909e-01 9.119466379799999467e-02
9.278165068182999686e-01 1.299357000000000095e+00 1.499999261258999905e-01 9.325995410800000385e-02
9.598516495954999561e-01 1.299357000000000095e+00 1.500004210437999863e-01 9.595420669800000524e-02
9.816141303805999696e-01 1.299357000000000095e+00 1.500001434623000063e-01 9.973085895199999829e-02
9.926183524787000056e-01 1.299357000000000095e+00 1.500000152340000004e-01 1.051850709569999986e-01
7.381336953649999741e-03 1.408557000000000059e+00 1.499994468471000097e-01 1.193095497710000008e-01
1.838605905171999955e-02 1.408557000000000059e+00 1.500001846441000042e-01 1.087354084820000011e-01
4.014853983683999705e-02 1.408557000000000059e+00 1.499999070626999997e-01 9.735394300999999917e-02
7.218368261403000641e-02 1.408557000000000059e+00 1.500004019804999922e-01 9.100887659799999918e-02
1.137754176583000015e-01 1.408557000000000059e+00 1.499994002521999881e-01 8.650995493099999933e-02
1.639947284942999961e-01 1.408557000000000059e+00 1.499997981412000136e-01 8.389272384000000249e-02
2.217197044548999962e-01 1.408557000000000059e+00 1.500003893706000069e-01 8.205144353099999566e-02
2.856613611894999738e-01 1.408557000000000059e+00 1.500005875550000090e-01 8.147620452800000135e-02
3.543909252735000237e-01 1.408557000000000059e+00 1.499996845307000060e-01 8.199867499200000354e-02
4.263727168947000212e-01 1.408557000000000059e+00 1.499998048382999993e-01 8.274913329499999914e-02
5.000000947161999942e-01 1.408557000000000059e+00 1.500001640531999914e-01 8.293553617599999650e-02
5.736269725377000084e-01 1.408557000000000059e+00 1.499996572427000074e-01 8.400032054500000678e-02
6.456087641587999748e-01 1.408557000000000059e+00 1.499997775503000008e-01 8.528439243200000575e-02
7.143388282428000391e-01 1.408557000000000059e+00 1.499997405514000015e-01 8.618689155500000587e-02
7.782804849773999889e-01 1.408557000000000059e+00 1.499999387358000036e-01 8.761488182799999358e-02
8.360049609380000302e-01 1.408557000000000059e+00 1.499996639397999931e-01 8.913681880899999854e-02
8.862242717739999831e-01 1.408557000000000059e+00 1.500000618287999909e-01 9.068771699300000322e-02
9.278165068182999686e-01 1.408557000000000059e+00 1.499999261258999905e-01 9.330572331700000277e-02
9.598516495954999561e-01 1.408557000000000059e+00 1.500004210437999863e-01 9.661841843200000279e-02
9.816141303805999696e-01 1.408557000000000059e+00 1.500001434623000063e-01 9.958270640499999882e-02
9.926183524787000056e-01 1.408557000000000059e+00 1.500000152340000004e-01 1.034740595159999998e-01
7.381336953649999741e-03 1.509880000000000111e+00 1.499994468471000097e-01 1.222410882759999984e-01
1.838605905171999955e-02 1.509880000000000111e+00 1.500001846441000042e-01 1.051149982849999970e-01
4.014853983683999705e-02 1.509880000000000111e+00 1.499999070626999997e-01 9.538701088600000377e-02
7.218368261403000641e-02 1.509880000000000111e+00 1.500004019804999922e-01 8.987119284899999783e-02
1.137754176583000015e-01 1.509880000000000111e+00 1.499994002521999881e-01 8.621583946699999668e-02
1.639947284942999961e-01 1.509880000000000111e+00 1.499997981412000136e-01 8.355753206400000355e-02
2.217197044548999962e-01 1.509880000000000111e+00 1.500003893706000069e-01 8.244100154099999467e-02
2.856613611894999738e-01 1.509880000000000111e+00 1.500005875550000090e-01 8.218259417999999872e-02
3.543909252735000237e-01 1.509880000000000111e+00 1.499996845307000060e-01 8.227138497899999514e-02
4.263727168947000212e-01 1.509880000000000111e+00 1.499998048382999993e-01 8.258242309699999339e-02
5.000000947161999942e-01 1.509880000000000111e+00 1.500001640531999914e-01 8.280323381199999888e-02
5.736269725377000084e-01 1.509880000000000111e+00 1.499996572427000074e-01 8.335055939799999869e-02
6.456087641587999748e-01 1.509880000000000111e+00 1.499997775503000008e-01 8.462952394000000655e-02
7.143388282428000391e-01 1.509880000000000111e+00 1.499997405514000015e-01 8.552637063399999573e-02
7.782804849773999889e-01 1.509880000000000111e+00 1.499999387358000036e-01 8.730120821200000603e-02
8.360049609380000302e-01 1.509880000000000111e+00 1.499996639397999931e-01 9.015170979500000681e-02
8.862242717739999831e-01 1.509880000000000111e+00 1.500000618287999909e-01 9.180127260900000641e-02
9.278165068182999686e-01 1.509880000000000111e+00 1.499999261258999905e-01 9.352773142600000200e-02
9.598516495954999561e-01 1.509880000000000111e+00 1.500004210437999863e-01 9.550561045100000590e-02
9.816141303805999696e-01 1.509880000000000111e+00 1.500001434623000063e-01 9.821751354499999587e-02
9.926183524787000056e-01 1.509880000000000111e+00 1.500000152340000004e-01 1.016027235090000008e-01
7.381336953649999741e-03 1.602759000000000045e+00 1.499994468471000097e-01 1.161639650449999978e-01
1.838605905171999955e-02 1.602759000000000045e+00 1.500001846441000042e-01 1.026231265780000040e-01
4.014853983683999705e-02 1.602759000000000045e+00 1.499999070626999997e-01 9.542377413399999453e-02
7.218368261403000641e-02 1.602759000000000045e+00 1.500004019804999922e-01 9.002746347399999405e-02
1.137754176583000015e-01 1.602759000000000045e+00 1.499994002521999881e-01 8.664688701000000659e-02
1.639947284942999961e-01 1.602759000000000045e+00 1.499997981412000136e-01 8.424337849499999309e-02
2.217197044548999962e-01 1.602759000000000045e+00 1.500003893706000069e-01 8.292219117000000639e-02
2.856613611894999738e-01 1.602759000000000045e+00 1.500005875550000090e-01 8.285759437100000124e-02
3.543909252735000237e-01 1.602759000000000045e+00 1.499996845307000060e-01 8.315814517399999772e-02
4.263727168947000212e-01 1.602759000000000045e+00 1.499998048382999993e-01 8.338483720700000379e-02
5.000000947161999942e-01 1.602759000000000045e+00 1.500001640531999914e-01 8.389549349300000347e-02
5.736269725377000084e-01 1.602759000000000045e+00 1.499996572427000074e-01 8.380746060600000047e-02
6.456087641587999748e-01 1.602759000000000045e+00 1.499997775503000008e-01 8.422741111100000289e-02
7.143388282428000391e-01 1.602759000000000045e+00 1.499997405514000015e-01 8.551157659699999691e-02
7.782804849773999889e-01 1.602759000000000045e+00 1.499999387358000036e-01 8.676466615500000312e-02
8.360049609380000302e-01 1.602759000000000045e+00 1.499996639397999931e-01 8.784149654099999982e-02
8.862242717739999831e-01 1.602759000000000045e+00 1.500000618287999909e-01 8.935347449599999325e-02
9.278165068182999686e-01 1.602759000000000045e+00 1.499999261258999905e-01 9.165588336400000424e-02
9.598516495954999561e-01 1.602759000000000045e+00 1.500004210437999863e-01 9.387212588700000193e-02
9.816141303805999696e-01 1.602759000000000045e+00 1.500001434623000063e-01 9.625702497900000265e-02
9.926183524787000056e-01 1.602759000000000045e+00 1.500000152340000004e-01 9.908475268600000496e-02
7.381336953649999741e-03 1.686674999999999924e+00 1.499994468471000097e-01 1.199657059149999982e-01
1.838605905171999955e-02 1.686674999999999924e+00 1.500001846441000042e-01 1.029171182220000036e-01
4.014853983683999705e-02 1.686674999999999924e+00 1.499999070626999997e-01 9.507305251400000046e-02
7.218368261403000641e-02 1.686674999999999924e+00 1.500004019804999922e-01 9.037894975499999317e-02
1.137754176583000015e-01 1.686674999999999924e+00 1.499994002521999881e-01 8.738136939900000011e-02
1.639947284942999961e-01 1.686674999999999924e+00 1.499997981412000136e-01 8.536839376900000331e-02
2.217197044548999962e-01 1.686674999999999924e+00 1.500003893706000069e-01 8.436078111799999446e-02
2.856613611894999738e-01 1.686674999999999924e+00 1.500005875550000090e-01 8.416202724000000635e-02
3.543909252735000237e-01 1.686674999999999924e+00 1.499996845307000060e-01 8.462956506900000397e-02
4.263727168947000212e-01 1.686674999999999924e+00 1.499998048382999993e-01 8.510727792800000524e-02
5.000000947161999942e-01 1.686674999999999924e+00 1.500001640531999914e-01 8.545961989799999436e-02
5.736269725377000084e-01 1.686674999999999924e+00 1.499996572427000074e-01 8.474315167700000040e-02
6.456087641587999748e-01 1.686674999999999924e+00 1.499997775503000008e-01 8.534615617799999610e-02
7.143388282428000391e-01 1.686674999999999924e+00 1.499997405514000015e-01 8.639367982399999424e-02
7.782804849773999889e-01 1.686674999999999924e+00 1.499999387358000036e-01 8.657628543400000543e-02
8.360049609380000302e-01 1.686674999999999924e+00 1.499996639397999931e-01 8.694900612299999443e-02
8.862242717739999831e-01 1.686674999999999924e+00 1.500000618287999909e-01 8.783267579299999794e-02
9.278165068182999686e-01 1.686674999999999924e+00 1.499999261258999905e-01 8.976552935300000091e-02
9.598516495954999561e-01 1.686674999999999924e+00 1.500004210437999863e-01 9.113472392900000274e-02
9.816141303805999696e-01 1.686674999999999924e+00 1.500001434623000063e-01 9.280706980599999489e-02
9.926183524787000056e-01 1.686674999999999924e+00 1.500000152340000004e-01 9.615982130500000391e-02
7.381336953649999741e-03 1.761158000000000001e+00 1.499994468471000097e-01 1.184764720409999944e-01
1.838605905171999955e-02 1.761158000000000001e+00 1.500001846441000042e-01 1.022224393650000007e-01
4.014853983683999705e-02 1.761158000000000001e+00 1.499999070626999997e-01 9.552065676599999500e-02
7.218368261403000641e-02 1.761158000000000001e+00 1.500004019804999922e-01 9.202037333500000249e-02
1.137754176583000015e-01 1.761158000000000001e+00 1.499994002521999881e-01 8.912930511199999850e-02
1.639947284942999961e-01 1.761158000000000001e+00 1.499997981412000136e-01 8.757540902100000024e-02
2.217197044548999962e-01 1.761158000000000001e+00 1.500003893706000069e-01 8.671161549500000509e-02
2.856613611894999738e-01 1.761158000000000001e+00 1.500005875550000090e-01 8.681137310200000290e-02
3.543909252735000237e-01 1.761158000000000001e+00 1.499996845307000060e-01 8.756662714799999525e-02
4.263727168947000212e-01 1.761158000000000001e+00 1.499998048382999993e-01 8.825826063300000468e-02
5.000000947161999942e-01 1.761158000000000001e+00 1.500001640531999914e-01 8.807101119900000163e-02
5.736269725377000084e-01 1.761158000000000001e+00 1.499996572427000074e-01 8.812416382099999557e-02
6.456087641587999748e-01 1.761158000000000001e+00 1.499997775503000008e-01 8.815282946199999581e-02
7.143388282428000391e-01 1.761158000000000001e+00 1.499997405514000015e-01 8.897435257899999339e-02
7.782804849773999889e-01 1.761158000000000001e+00 1.499999387358000036e-01 8.864469691000000096e-02
8.360049609380000302e-01 1.761158000000000001e+00 1.499996639397999931e-01 8.879740939999999916e-02
8.862242717739999831e-01 1.761158000000000001e+00 1.500000618287999909e-01 8.949850561800000437e-02
9.278165068182999686e-01 1.761158000000000001e+00 1.499999261258999905e-01 9.107144688200000116e-02
9.598516495954999561e-01 1.761158000000000001e+00 1.500004210437999863e-01 9.224783274900000274e-02
9.816141303805999696e-01 1.761158000000000001e+00 1.500001434623000063e-01 9.404133143199999711e-02
9.926183524787000056e-01 1.761158000000000001e+00 1.500000152340000004e-01 9.752772169100000499e-02
7.381336953649999741e-03 1.825792000000000082e+00 1.499994468471000097e-01 1.175513816669999934e-01
1.838605905171999955e-02 1.825792000000000082e+00 1.500001846441000042e-01 1.062284998209999942e-01
4.014853983683999705e-02 1.825792000000000082e+00 1.499999070626999997e-01 9.821390101900000225e-02
7.218368261403000641e-02 1.825792000000000082e+00 1.500004019804999922e-01 9.448016561300000282e-02
1.137754176583000015e-01 1.825792000000000082e+00 1.499994002521999881e-01 9.221937588600000180e-02
1.639947284942999961e-01 1.825792000000000082e+00 1.499997981412000136e-01 9.100741204600000522e-02
2.217197044548999962e-01 1.825792000000000082e+00 1.500003893706000069e-01 9.037506945199999531e-02
2.856613611894999738e-01 1.825792000000000082e+00 1.500005875550000090e-01 9.072309347399999668e-02
3.543909252735000237e-01 1.825792000000000082e+00 1.499996845307000060e-01 9.182174682400000287e-02
4.263727168947000212e-01 1.825792000000000082e+00 1.499998048382999993e-01 9.207824271900000301e-02
5.000000947161999942e-01 1.825792000000000082e+00 1.500001640531999914e-01 9.238904749199999822e-02
5.736269725377000084e-01 1.825792000000000082e+00 1.499996572427000074e-01 9.261728921400000369e-02
6.456087641587999748e-01 1.825792000000000082e+00 1.499997775503000008e-01 9.291180467800000398e-02
7.143388282428000391e-01 1.825792000000000082e+00 1.499997405514000015e-01 9.332778965500000690e-02
7.782804849773999889e-01 1.825792000000000082e+00 1.499999387358000036e-01 9.265680147099999986e-02
8.360049609380000302e-01 1.825792000000000082e+00 1.499996639397999931e-01 9.267021193499999643e-02
8.862242717739999831e-01 1.825792000000000082e+00 1.500000618287999909e-01 9.287603713099999714e-02
9.278165068182999686e-01 1.825792000000000082e+00 1.499999261258999905e-01 9.405381181800000212e-02
9.598516495954999561e-01 1.825792000000000082e+00 1.500004210437999863e-01 9.539464566399999401e-02
9.816141303805999696e-01 1.825792000000000082e+00 1.500001434623000063e-01 9.672840010000000044e-02
9.926183524787000056e-01 1.825792000000000082e+00 1.500000152340000004e-01 9.971369019600000161e-02
7.381336953649999741e-03 1.880216000000000109e+00 1.499994468471000097e-01 1.199875947699999973e-01
1.838605905171999955e-02 1.880216000000000109e+00 1.500001846441000042e-01 1.076550814140000006e-01
4.014853983683999705e-02 1.880216000000000109e+00 1.499999070626999997e-01 1.013196118119999989e-01
7.218368261403000641e-02 1.880216000000000109e+00 1.500004019804999922e-01 9.831995098199999839e-02
1.137754176583000015e-01 1.880216000000000109e+00 1.499994002521999881e-01 9.669563280899999558e-02
1.639947284942999961e-01 1.880216000000000109e+00 1.499997981412000136e-01 9.617269941700000435e-02
2.217197044548999962e-01 1.880216000000000109e+00 1.500003893706000069e-01 9.642759590999999686e-02
2.856613611894999738e-01 1.880216000000000109e+00 1.500005875550000090e-01 9.767768719000000099e-02
3.543909252735000237e-01 1.880216000000000109e+00 1.499996845307000060e-01 9.859302751100000595e-02
4.263727168947000212e-01 1.880216000000000109e+00 1.499998048382999993e-01 9.896240285200000319e-02
5.000000947161999942e-01 1.880216000000000109e+00 1.500001640531999914e-01 9.935348700599999638e-02
5.736269725377000084e-01 1.880216000000000109e+00 1.499996572427000074e-01 9.993163095099999449e-02
6.456087641587999748e-01 1.880216000000000109e+00 1.499997775503000008e-01 9.989755291500000689e-02
7.143388282428000391e-01 1.880216000000000109e+00 1.499997405514000015e-01 1.001839411619999953e-01
7.782804849773999889e-01 1.880216000000000109e+00 1.499999387358000036e-01 9.945403864799999549e-02
8.360049609380000302e-01 1.880216000000000109e+00 1.499996639397999931e-01 9.866773309899999622e-02
8.862242717739999831e-01 1.880216000000000109e+00 1.500000618287999909e-01 9.862041488799999644e-02
9.278165068182999686e-01 1.880216000000000109e+00 1.499999261258999905e-01 9.940753766599999541e-02
9.598516495954999561e-01 1.880216000000000109e+00 1.500004210437999863e-01 1.002734876479999954e-01
9.816141303805999696e-01 1.880216000000000109e+00 1.500001434623000063e-01 1.011891910959999974e-01
9.926183524787000056e-01 1.880216000000000109e+00 1.500000152340000004e-01 1.038673284459999957e-01
7.381336953649999741e-03 1.924123999999999945e+00 1.499994468471000097e-01 1.240288185139999944e-01
1.838605905171999955e-02 1.924123999999999945e+00 1.500001846441000042e-01 1.114896678219999965e-01
4.014853983683999705e-02 1.924123999999999945e+00 1.499999070626999997e-01 1.060414093949999942e-01
7.218368261403000641e-02 1.924123999999999945e+00 1.500004019804999922e-01 1.032069465070000053e-01
1.137754176583000015e-01 1.924123999999999945e+00 1.499994002521999881e-01 1.021655869249999959e-01
1.639947284942999961e-01 1.924123999999999945e+00 1.499997981412000136e-01 1.030398252779999996e-01
2.217197044548999962e-01 1.924123999999999945e+00 1.500003893706000069e-01 1.049816988460000045e-01
2.856613611894999738e-01 1.924123999999999945e+00 1.500005875550000090e-01 1.075610600459999955e-01
3.543909252735000237e-01 1.924123999999999945e+00 1.499996845307000060e-01 1.094729523249999975e-01
4.263727168947000212e-01 1.924123999999999945e+00 1.499998048382999993e-01 1.090067588190000020e-01
5.000000947161999942e-01 1.924123999999999945e+00 1.500001640531999914e-01 1.082900248269999949e-01
5.736269725377000084e-01 1.924123999999999945e+00 1.499996572427000074e-01 1.091835765050000046e-01
6.456087641587999748e-01 1.924123999999999945e+00 1.499997775503000008e-01 1.094477477080000039e-01
7.143388282428000391e-01 1.924123999999999945e+00 1.499997405514000015e-01 1.093805052919999965e-01
7.782804849773999889e-01 1.924123999999999945e+00 1.499999387358000036e-01 1.089166555200000025e-01
8.360049609380000302e-01 1.924123999999999945e+00 1.499996639397999931e-01 1.079237116820000036e-01
8.862242717739999831e-01 1.924123999999999945e+00 1.500000618287999909e-01 1.078503967899999971e-01
9.278165068182999686e-01 1.924123999999999945e+00 1.499999261258999905e-01 1.077617939650000051e-01
9.598516495954999561e-01 1.924123999999999945e+00 1.500004210437999863e-01 1.080941055739999962e-01
9.816141303805999696e-01 1.924123999999999945e+00 1.500001434623000063e-01 1.086887621940000048e-01
9.926183524787000056e-01 1.924123999999999945e+00 1.500000152340000004e-01 1.112050073249999937e-01
7.381336953649999741e-03 1.957271999999999901e+00 1.499994468471000097e-01 1.338531414230000050e-01
1.838605905171999955e-02 1.957271999999999901e+00 1.500001846441000042e-01 1.181514550379999945e-01
4.014853983683999705e-02 1.957271999999999901e+00 1.499999070626999997e-01 1.117883744659999984e-01
7.218368261403000641e-02 1.957271999999999901e+00 1.500004019804999922e-01 1.090857031679999950e-01
1.137754176583000015e-01 1.957271999999999901e+00 1.499994002521999881e-01 1.097375256709999941e-01
1.639947284942999961e-01 1.957271999999999901e+00 1.499997981412000136e-01 1.132597504040000064e-01
2.217197044548999962e-01 1.957271999999999901e+00 1.500003893706000069e-01 1.192096462980000021e-01
2.856613611894999738e-01 1.957271999999999901e+00 1.500005875550000090e-01 1.268990104770000016e-01
3.543909252735000237e-01 1.957271999999999901e+00 1.499996845307000060e-01 1.275049868850000045e-01
4.263727168947000212e-01 1.957271999999999901e+00 1.499998048382999993e-01 1.254106019569999897e-01
5.000000947161999942e-01 1.957271999999999901e+00 1.500001640531999914e-01 1.224040311270000042e-01
5.736269725377000084e-01 1.957271999999999901e+00 1.499996572427000074e-01 1.232195283849999989e-01
6.456087641587999748e-01 1.957271999999999901e+00 1.499997775503000008e-01 1.246071644319999977e-01
7.143388282428000391e-01 1.957271999999999901e+00 1.499997405514000015e-01 1.248905098229999983e-01
7.782804849773999889e-01 1.957271999999999901e+00 1.499999387358000036e-01 1.244927794290000000e-01
8.360049609380000302e-01 1.957271999999999901e+00 1.499996639397999931e-01 1.228841162150000055e-01
8.862242717739999831e-01 1.957271999999999901e+00 1.500000618287999909e-01 1.224360220549999961e-01
9.278165068182999686e-01 1.957271999999999901e+00 1.499999261258999905e-01 1.218129453340000001e-01
9.598516495954999561e-01 1.957271999999999901e+00 1.500004210437999863e-01 1.209061032329999952e-01
9.816141303805999696e-01 1.957271999999999901e+00 1.500001434623000063e-01 1.201234919999999984e-01
9.926183524787000056e-01 1.957271999999999901e+00 1.500000152340000004e-01 1.218719604159999997e-01
7.381336953649999741e-03 1.979475000000000096e+00 1.499994468471000097e-01 1.380736392119999989e-01
1.838605905171999955e-02 1.979475000000000096e+00 1.500001846441000042e-01 1.236797263060000068e-01
4.014853983683999705e-02 1.979475000000000096e+00 1.499999070626999997e-01 1.194258776750000001e-01
7.218368261403000641e-02 1.979475000000000096e+00 1.500004019804999922e-01 1.181103412800000030e-01
1.137754176583000015e-01 1.979475000000000096e+00 1.499994002521999881e-01 1.187669095960000032e-01
1.639947284942999961e-01 1.979475000000000096e+00 1.499997981412000136e-01 1.276233130190000120e-01
2.217197044548999962e-01 1.979475000000000096e+00 1.500003893706000069e-01 1.410678751190000135e-01
2.856613611894999738e-01 1.979475000000000096e+00 1.500005875550000090e-01 1.541429313129999978e-01
3.543909252735000237e-01 1.979475000000000096e+00 1.499996845307000060e-01 1.561397483470000069e-01
4.263727168947000212e-01 1.979475000000000096e+00 1.499998048382999993e-01 1.543254468049999883e-01
5.000000947161999942e-01 1.979475000000000096e+00 1.500001640531999914e-01 1.483413729780000134e-01
5.736269725377000084e-01 1.979475000000000096e+00 1.499996572427000074e-01 1.526215151349999966e-01
6.456087641587999748e-01 1.979475000000000096e+00 1.499997775503000008e-01 1.506287165849999887e-01
7.143388282428000391e-01 1.979475000000000096e+00 1.499997405514000015e-01 1.508799015370000107e-01
7.782804849773999889e-01 1.979475000000000096e+00 1.499999387358000036e-01 1.500909163449999917e-01
8.360049609380000302e-01 1.979475000000000096e+00 1.499996639397999931e-01 1.463232551939999959e-01
8.862242717739999831e-01 1.979475000000000096e+00 1.500000618287999909e-01 1.454268313900000109e-01
9.278165068182999686e-01 1.979475000000000096e+00 1.499999261258999905e-01 1.429464610160000038e-01
9.598516495954999561e-01 1.979475000000000096e+00 1.500004210437999863e-01 1.425495885660000017e-01
9.816141303805999696e-01 1.979475000000000096e+00 1.500001434623000063e-01 1.383035903619999896e-01
9.926183524787000056e-01 1.979475000000000096e+00 1.500000152340000004e-01 1.370145301469999910e-01
7.381336953649999741e-03 1.990607000000000015e+00 1.499994468471000097e-01 1.330157447950000016e-01
1.838605905171999955e-02 1.990607000000000015e+00 1.500001846441000042e-01 1.305917371810000061e-01
4.014853983683999705e-02 1.990607000000000015e+00 1.499999070626999997e-01 1.296044853409999975e-01
7.218368261403000641e-02 1.990607000000000015e+00 1.500004019804999922e-01 1.278641091169999966e-01
1.137754176583000015e-01 1.990607000000000015e+00 1.499994002521999881e-01 1.264629450120000054e-01
1.639947284942999961e-01 1.990607000000000015e+00 1.499997981412000136e-01 1.373766945659999905e-01
2.217197044548999962e-01 1.990607000000000015e+00 1.500003893706000069e-01 1.531713699499999970e-01
2.856613611894999738e-01 1.990607000000000015e+00 1.500005875550000090e-01 1.731174820439999873e-01
3.543909252735000237e-01 1.990607000000000015e+00 1.499996845307000060e-01 1.826297178459999893e-01
4.263727168947000212e-01 1.990607000000000015e+00 1.499998048382999993e-01 1.781191955950000017e-01
5.000000947161999942e-01 1.990607000000000015e+00 1.500001640531999914e-01 1.897084179880000054e-01
5.736269725377000084e-01 1.990607000000000015e+00 1.499996572427000074e-01 1.843450533409999870e-01
6.456087641587999748e-01 1.990607000000000015e+00 1.499997775503000008e-01 1.792895559419999951e-01
7.143388282428000391e-01 1.990607000000000015e+00 1.499997405514000015e-01 1.843753462849999913e-01
7.782804849773999889e-01 1.990607000000000015e+00 1.499999387358000036e-01 1.757185142309999892e-01
8.360049609380000302e-01 1.990607000000000015e+00 1.499996639397999931e-01 1.712279772560000024e-01
8.862242717739999831e-01 1.990607000000000015e+00 1.500000618287999909e-01 1.669341745050000048e-01
9.278165068182999686e-01 1.990607000000000015e+00 1.499999261258999905e-01 1.668223119760000039e-01
9.598516495954999561e-01 1.990607000000000015e+00 1.500004210437999863e-01 1.628501243140000054e-01
9.816141303805999696e-01 1.990607000000000015e+00 1.500001434623000063e-01 1.619255997529999991e-01
9.926183524787000056e-01 1.990607000000000015e+00 1.500000152340000004e-01 1.597012571749999998e-01
