# ['# x', 'y', 'z', 'rmsCpHF']
7.381000000000000408e-03 7.448299999999999366e-02 1.499999999999999944e-01 2.909377831739999865e-01
1.838599999999999957e-02 7.448299999999999366e-02 1.499999999999999944e-01 3.110209616499999830e-01
4.014800000000000313e-02 7.448299999999999366e-02 1.499999999999999944e-01 3.481798692379999838e-01
7.218299999999999716e-02 7.448299999999999366e-02 1.499999999999999944e-01 3.380515840750000223e-01
1.137750000000000011e-01 7.448299999999999366e-02 1.499999999999999944e-01 2.857240095690000148e-01
1.639950000000000019e-01 7.448299999999999366e-02 1.499999999999999944e-01 2.422225191690000057e-01
2.217200000000000004e-01 7.448299999999999366e-02 1.499999999999999944e-01 1.965960317680000013e-01
2.856609999999999983e-01 7.448299999999999366e-02 1.499999999999999944e-01 1.617388202860000068e-01
3.543910000000000116e-01 7.448299999999999366e-02 1.499999999999999944e-01 1.396707781260000114e-01
4.263730000000000020e-01 7.448299999999999366e-02 1.499999999999999944e-01 1.170386158340000066e-01
5.000000000000000000e-01 7.448299999999999366e-02 1.499999999999999944e-01 9.892592521399999617e-02
5.736269999999999980e-01 7.448299999999999366e-02 1.499999999999999944e-01 8.768711092299999454e-02
6.456089999999999884e-01 7.448299999999999366e-02 1.499999999999999944e-01 7.903772784899999737e-02
7.143389999999999462e-01 7.448299999999999366e-02 1.499999999999999944e-01 7.292400150500000233e-02
7.782799999999999718e-01 7.448299999999999366e-02 1.499999999999999944e-01 6.783886675200000160e-02
8.360049999999999981e-01 7.448299999999999366e-02 1.499999999999999944e-01 6.448808865900000631e-02
8.862250000000000405e-01 7.448299999999999366e-02 1.499999999999999944e-01 6.158089253199999780e-02
9.278170000000000028e-01 7.448299999999999366e-02 1.499999999999999944e-01 5.929611642799999943e-02
9.598520000000000385e-01 7.448299999999999366e-02 1.499999999999999944e-01 5.820572201199999962e-02
9.816139999999999866e-01 7.448299999999999366e-02 1.499999999999999944e-01 6.017551064699999674e-02
9.926190000000000291e-01 7.448299999999999366e-02 1.499999999999999944e-01 6.510254146799999975e-02
7.381000000000000408e-03 2.230330000000000090e-01 1.499999999999999944e-01 2.627955381950000113e-01
1.838599999999999957e-02 2.230330000000000090e-01 1.499999999999999944e-01 2.656618389220000154e-01
4.014800000000000313e-02 2.230330000000000090e-01 1.499999999999999944e-01 2.869693473080000001e-01
7.218299999999999716e-02 2.230330000000000090e-01 1.499999999999999944e-01 3.001584452880000087e-01
1.137750000000000011e-01 2.230330000000000090e-01 1.499999999999999944e-01 2.974685167480000114e-01
1.639950000000000019e-01 2.230330000000000090e-01 1.499999999999999944e-01 2.817946542209999738e-01
2.217200000000000004e-01 2.230330000000000090e-01 1.499999999999999944e-01 2.598063028279999909e-01
2.856609999999999983e-01 2.230330000000000090e-01 1.499999999999999944e-01 2.219869398859999898e-01
3.543910000000000116e-01 2.230330000000000090e-01 1.499999999999999944e-01 1.822552658549999871e-01
4.263730000000000020e-01 2.230330000000000090e-01 1.499999999999999944e-01 1.472890857860000013e-01
5.000000000000000000e-01 2.230330000000000090e-01 1.499999999999999944e-01 1.220638628660000030e-01
5.736269999999999980e-01 2.230330000000000090e-01 1.499999999999999944e-01 1.054558903269999931e-01
6.456089999999999884e-01 2.230330000000000090e-01 1.499999999999999944e-01 9.163011080600000358e-02
7.143389999999999462e-01 2.230330000000000090e-01 1.499999999999999944e-01 8.261130937499999716e-02
7.782799999999999718e-01 2.230330000000000090e-01 1.499999999999999944e-01 7.533448472300000032e-02
8.360049999999999981e-01 2.230330000000000090e-01 1.499999999999999944e-01 7.002538486100000348e-02
8.862250000000000405e-01 2.230330000000000090e-01 1.499999999999999944e-01 6.582895231099999966e-02
9.278170000000000028e-01 2.230330000000000090e-01 1.499999999999999944e-01 6.282706375100000074e-02
9.598520000000000385e-01 2.230330000000000090e-01 1.499999999999999944e-01 6.122275056399999887e-02
9.816139999999999866e-01 2.230330000000000090e-01 1.499999999999999944e-01 6.299665458900000070e-02
9.926190000000000291e-01 2.230330000000000090e-01 1.499999999999999944e-01 6.821408443300000513e-02
7.381000000000000408e-03 3.703359999999999985e-01 1.499999999999999944e-01 2.498392968619999877e-01
1.838599999999999957e-02 3.703359999999999985e-01 1.499999999999999944e-01 2.499306191010000067e-01
4.014800000000000313e-02 3.703359999999999985e-01 1.499999999999999944e-01 2.690256683789999936e-01
7.218299999999999716e-02 3.703359999999999985e-01 1.499999999999999944e-01 2.887155072200000006e-01
1.137750000000000011e-01 3.703359999999999985e-01 1.499999999999999944e-01 2.859045830229999807e-01
1.639950000000000019e-01 3.703359999999999985e-01 1.499999999999999944e-01 2.767541613630000175e-01
2.217200000000000004e-01 3.703359999999999985e-01 1.499999999999999944e-01 2.671422937399999809e-01
2.856609999999999983e-01 3.703359999999999985e-01 1.499999999999999944e-01 2.428300667830000092e-01
3.543910000000000116e-01 3.703359999999999985e-01 1.499999999999999944e-01 2.117925873729999964e-01
4.263730000000000020e-01 3.703359999999999985e-01 1.499999999999999944e-01 1.824121977600000055e-01
5.000000000000000000e-01 3.703359999999999985e-01 1.499999999999999944e-01 1.540945283029999946e-01
5.736269999999999980e-01 3.703359999999999985e-01 1.499999999999999944e-01 1.315086254010000011e-01
6.456089999999999884e-01 3.703359999999999985e-01 1.499999999999999944e-01 1.120634450639999974e-01
7.143389999999999462e-01 3.703359999999999985e-01 1.499999999999999944e-01 9.883423865200000047e-02
7.782799999999999718e-01 3.703359999999999985e-01 1.499999999999999944e-01 8.945845242000000086e-02
8.360049999999999981e-01 3.703359999999999985e-01 1.499999999999999944e-01 8.206928332900000067e-02
8.862250000000000405e-01 3.703359999999999985e-01 1.499999999999999944e-01 7.610570784700000646e-02
9.278170000000000028e-01 3.703359999999999985e-01 1.499999999999999944e-01 7.140893634700000436e-02
9.598520000000000385e-01 3.703359999999999985e-01 1.499999999999999944e-01 6.798053088600000682e-02
9.816139999999999866e-01 3.703359999999999985e-01 1.499999999999999944e-01 6.842489342700000532e-02
9.926190000000000291e-01 3.703359999999999985e-01 1.499999999999999944e-01 7.314150909500000131e-02
7.381000000000000408e-03 5.155680000000000263e-01 1.499999999999999944e-01 2.489283758439999883e-01
1.838599999999999957e-02 5.155680000000000263e-01 1.499999999999999944e-01 2.502792658679999782e-01
4.014800000000000313e-02 5.155680000000000263e-01 1.499999999999999944e-01 2.678555133439999847e-01
7.218299999999999716e-02 5.155680000000000263e-01 1.499999999999999944e-01 2.812049353380000061e-01
1.137750000000000011e-01 5.155680000000000263e-01 1.499999999999999944e-01 2.851233066039999819e-01
1.639950000000000019e-01 5.155680000000000263e-01 1.499999999999999944e-01 2.790456390480000048e-01
2.217200000000000004e-01 5.155680000000000263e-01 1.499999999999999944e-01 2.678762817259999762e-01
2.856609999999999983e-01 5.155680000000000263e-01 1.499999999999999944e-01 2.470380353770000037e-01
3.543910000000000116e-01 5.155680000000000263e-01 1.499999999999999944e-01 2.226693325250000133e-01
4.263730000000000020e-01 5.155680000000000263e-01 1.499999999999999944e-01 2.010383146949999977e-01
5.000000000000000000e-01 5.155680000000000263e-01 1.499999999999999944e-01 1.780911278010000043e-01
5.736269999999999980e-01 5.155680000000000263e-01 1.499999999999999944e-01 1.533276954460000008e-01
6.456089999999999884e-01 5.155680000000000263e-01 1.499999999999999944e-01 1.343255333599999990e-01
7.143389999999999462e-01 5.155680000000000263e-01 1.499999999999999944e-01 1.183808445559999950e-01
7.782799999999999718e-01 5.155680000000000263e-01 1.499999999999999944e-01 1.053521041040000050e-01
8.360049999999999981e-01 5.155680000000000263e-01 1.499999999999999944e-01 9.538324347200000108e-02
8.862250000000000405e-01 5.155680000000000263e-01 1.499999999999999944e-01 8.751932443300000641e-02
9.278170000000000028e-01 5.155680000000000263e-01 1.499999999999999944e-01 8.081306533599999509e-02
9.598520000000000385e-01 5.155680000000000263e-01 1.499999999999999944e-01 7.517504611700000228e-02
9.816139999999999866e-01 5.155680000000000263e-01 1.499999999999999944e-01 7.430499965600000090e-02
9.926190000000000291e-01 5.155680000000000263e-01 1.499999999999999944e-01 7.642624061800000479e-02
7.381000000000000408e-03 6.579159999999999453e-01 1.499999999999999944e-01 2.625005980749999801e-01
1.838599999999999957e-02 6.579159999999999453e-01 1.499999999999999944e-01 2.589928987460000109e-01
4.014800000000000313e-02 6.579159999999999453e-01 1.499999999999999944e-01 2.696273430819999817e-01
7.218299999999999716e-02 6.579159999999999453e-01 1.499999999999999944e-01 2.834871054909999799e-01
1.137750000000000011e-01 6.579159999999999453e-01 1.499999999999999944e-01 2.836890553920000113e-01
1.639950000000000019e-01 6.579159999999999453e-01 1.499999999999999944e-01 2.817981137050000195e-01
2.217200000000000004e-01 6.579159999999999453e-01 1.499999999999999944e-01 2.737979810899999755e-01
2.856609999999999983e-01 6.579159999999999453e-01 1.499999999999999944e-01 2.503566631170000001e-01
3.543910000000000116e-01 6.579159999999999453e-01 1.499999999999999944e-01 2.294701775480000039e-01
4.263730000000000020e-01 6.579159999999999453e-01 1.499999999999999944e-01 2.096348660510000128e-01
5.000000000000000000e-01 6.579159999999999453e-01 1.499999999999999944e-01 1.845260042290000069e-01
5.736269999999999980e-01 6.579159999999999453e-01 1.499999999999999944e-01 1.627932139640000109e-01
6.456089999999999884e-01 6.579159999999999453e-01 1.499999999999999944e-01 1.442891698790000066e-01
7.143389999999999462e-01 6.579159999999999453e-01 1.499999999999999944e-01 1.279253379920000100e-01
7.782799999999999718e-01 6.579159999999999453e-01 1.499999999999999944e-01 1.139015401030000069e-01
8.360049999999999981e-01 6.579159999999999453e-01 1.499999999999999944e-01 1.032309956659999972e-01
8.862250000000000405e-01 6.579159999999999453e-01 1.499999999999999944e-01 9.467458142899999596e-02
9.278170000000000028e-01 6.579159999999999453e-01 1.499999999999999944e-01 8.733315796399999942e-02
9.598520000000000385e-01 6.579159999999999453e-01 1.499999999999999944e-01 8.063051989899999716e-02
9.816139999999999866e-01 6.579159999999999453e-01 1.499999999999999944e-01 7.830608504899999600e-02
9.926190000000000291e-01 6.579159999999999453e-01 1.499999999999999944e-01 8.180128047599999341e-02
7.381000000000000408e-03 7.965849999999999875e-01 1.499999999999999944e-01 2.640905872420000189e-01
1.838599999999999957e-02 7.965849999999999875e-01 1.499999999999999944e-01 2.587676018439999948e-01
4.014800000000000313e-02 7.965849999999999875e-01 1.499999999999999944e-01 2.637163670039999741e-01
7.218299999999999716e-02 7.965849999999999875e-01 1.499999999999999944e-01 2.824300742320000057e-01
1.137750000000000011e-01 7.965849999999999875e-01 1.499999999999999944e-01 2.869223845550000207e-01
1.639950000000000019e-01 7.965849999999999875e-01 1.499999999999999944e-01 2.775871505970000097e-01
2.217200000000000004e-01 7.965849999999999875e-01 1.499999999999999944e-01 2.702489028019999795e-01
2.856609999999999983e-01 7.965849999999999875e-01 1.499999999999999944e-01 2.573351321249999768e-01
3.543910000000000116e-01 7.965849999999999875e-01 1.499999999999999944e-01 2.411671472859999998e-01
4.263730000000000020e-01 7.965849999999999875e-01 1.499999999999999944e-01 2.198141516190000033e-01
5.000000000000000000e-01 7.965849999999999875e-01 1.499999999999999944e-01 1.950503498439999928e-01
5.736269999999999980e-01 7.965849999999999875e-01 1.499999999999999944e-01 1.709702139179999913e-01
6.456089999999999884e-01 7.965849999999999875e-01 1.499999999999999944e-01 1.502086507369999879e-01
7.143389999999999462e-01 7.965849999999999875e-01 1.499999999999999944e-01 1.327196670340000106e-01
7.782799999999999718e-01 7.965849999999999875e-01 1.499999999999999944e-01 1.193828383609999988e-01
8.360049999999999981e-01 7.965849999999999875e-01 1.499999999999999944e-01 1.089324873240000019e-01
8.862250000000000405e-01 7.965849999999999875e-01 1.499999999999999944e-01 9.983938872399999997e-02
9.278170000000000028e-01 7.965849999999999875e-01 1.499999999999999944e-01 9.188251790300000499e-02
9.598520000000000385e-01 7.965849999999999875e-01 1.499999999999999944e-01 8.571669605199999653e-02
9.816139999999999866e-01 7.965849999999999875e-01 1.499999999999999944e-01 8.233679446800000468e-02
9.926190000000000291e-01 7.965849999999999875e-01 1.499999999999999944e-01 8.741015233200000178e-02
7.381000000000000408e-03 9.307990000000000430e-01 1.499999999999999944e-01 2.602749347269999736e-01
1.838599999999999957e-02 9.307990000000000430e-01 1.499999999999999944e-01 2.477708092010000029e-01
4.014800000000000313e-02 9.307990000000000430e-01 1.499999999999999944e-01 2.515739299170000054e-01
7.218299999999999716e-02 9.307990000000000430e-01 1.499999999999999944e-01 2.660805653359999967e-01
1.137750000000000011e-01 9.307990000000000430e-01 1.499999999999999944e-01 2.797843436520000004e-01
1.639950000000000019e-01 9.307990000000000430e-01 1.499999999999999944e-01 2.798642116239999922e-01
2.217200000000000004e-01 9.307990000000000430e-01 1.499999999999999944e-01 2.719427211320000204e-01
2.856609999999999983e-01 9.307990000000000430e-01 1.499999999999999944e-01 2.577541279450000222e-01
3.543910000000000116e-01 9.307990000000000430e-01 1.499999999999999944e-01 2.428611586040000103e-01
4.263730000000000020e-01 9.307990000000000430e-01 1.499999999999999944e-01 2.261529877360000107e-01
5.000000000000000000e-01 9.307990000000000430e-01 1.499999999999999944e-01 2.038273692700000028e-01
5.736269999999999980e-01 9.307990000000000430e-01 1.499999999999999944e-01 1.810639630330000138e-01
6.456089999999999884e-01 9.307990000000000430e-01 1.499999999999999944e-01 1.624398164860000049e-01
7.143389999999999462e-01 9.307990000000000430e-01 1.499999999999999944e-01 1.465574178269999917e-01
7.782799999999999718e-01 9.307990000000000430e-01 1.499999999999999944e-01 1.317913329610000128e-01
8.360049999999999981e-01 9.307990000000000430e-01 1.499999999999999944e-01 1.192514166040000018e-01
8.862250000000000405e-01 9.307990000000000430e-01 1.499999999999999944e-01 1.079764260999999947e-01
9.278170000000000028e-01 9.307990000000000430e-01 1.499999999999999944e-01 9.813276265400000531e-02
9.598520000000000385e-01 9.307990000000000430e-01 1.499999999999999944e-01 9.064133289699999319e-02
9.816139999999999866e-01 9.307990000000000430e-01 1.499999999999999944e-01 8.840153066500000545e-02
9.926190000000000291e-01 9.307990000000000430e-01 1.499999999999999944e-01 9.186876270299999814e-02
7.381000000000000408e-03 1.059808000000000083e+00 1.499999999999999944e-01 2.606467098169999996e-01
1.838599999999999957e-02 1.059808000000000083e+00 1.499999999999999944e-01 2.541794161909999850e-01
4.014800000000000313e-02 1.059808000000000083e+00 1.499999999999999944e-01 2.552950025249999810e-01
7.218299999999999716e-02 1.059808000000000083e+00 1.499999999999999944e-01 2.673582715560000045e-01
1.137750000000000011e-01 1.059808000000000083e+00 1.499999999999999944e-01 2.814997654570000063e-01
1.639950000000000019e-01 1.059808000000000083e+00 1.499999999999999944e-01 2.807848844559999724e-01
2.217200000000000004e-01 1.059808000000000083e+00 1.499999999999999944e-01 2.698280113000000036e-01
2.856609999999999983e-01 1.059808000000000083e+00 1.499999999999999944e-01 2.603978920389999896e-01
3.543910000000000116e-01 1.059808000000000083e+00 1.499999999999999944e-01 2.442133623659999975e-01
4.263730000000000020e-01 1.059808000000000083e+00 1.499999999999999944e-01 2.282993888950000105e-01
5.000000000000000000e-01 1.059808000000000083e+00 1.499999999999999944e-01 2.063365293870000061e-01
5.736269999999999980e-01 1.059808000000000083e+00 1.499999999999999944e-01 1.888222353519999896e-01
6.456089999999999884e-01 1.059808000000000083e+00 1.499999999999999944e-01 1.704804708190000018e-01
7.143389999999999462e-01 1.059808000000000083e+00 1.499999999999999944e-01 1.531562442859999984e-01
7.782799999999999718e-01 1.059808000000000083e+00 1.499999999999999944e-01 1.398385188290000025e-01
8.360049999999999981e-01 1.059808000000000083e+00 1.499999999999999944e-01 1.275380105549999976e-01
8.862250000000000405e-01 1.059808000000000083e+00 1.499999999999999944e-01 1.171786901539999953e-01
9.278170000000000028e-01 1.059808000000000083e+00 1.499999999999999944e-01 1.074842938719999946e-01
9.598520000000000385e-01 1.059808000000000083e+00 1.499999999999999944e-01 9.960166166400000187e-02
9.816139999999999866e-01 1.059808000000000083e+00 1.499999999999999944e-01 9.443682313500000036e-02
9.926190000000000291e-01 1.059808000000000083e+00 1.499999999999999944e-01 9.802575202699999324e-02
7.381000000000000408e-03 1.182889999999999997e+00 1.499999999999999944e-01 2.570960812449999966e-01
1.838599999999999957e-02 1.182889999999999997e+00 1.499999999999999944e-01 2.532857102320000275e-01
4.014800000000000313e-02 1.182889999999999997e+00 1.499999999999999944e-01 2.569056775290000094e-01
7.218299999999999716e-02 1.182889999999999997e+00 1.499999999999999944e-01 2.750678092839999866e-01
1.137750000000000011e-01 1.182889999999999997e+00 1.499999999999999944e-01 2.903479112880000268e-01
1.639950000000000019e-01 1.182889999999999997e+00 1.499999999999999944e-01 2.831051958910000277e-01
2.217200000000000004e-01 1.182889999999999997e+00 1.499999999999999944e-01 2.766541612380000181e-01
2.856609999999999983e-01 1.182889999999999997e+00 1.499999999999999944e-01 2.664546802969999795e-01
3.543910000000000116e-01 1.182889999999999997e+00 1.499999999999999944e-01 2.516170800840000221e-01
4.263730000000000020e-01 1.182889999999999997e+00 1.499999999999999944e-01 2.355384858069999865e-01
5.000000000000000000e-01 1.182889999999999997e+00 1.499999999999999944e-01 2.098043001140000030e-01
5.736269999999999980e-01 1.182889999999999997e+00 1.499999999999999944e-01 1.893706737139999874e-01
6.456089999999999884e-01 1.182889999999999997e+00 1.499999999999999944e-01 1.691281520260000115e-01
7.143389999999999462e-01 1.182889999999999997e+00 1.499999999999999944e-01 1.532776560480000050e-01
7.782799999999999718e-01 1.182889999999999997e+00 1.499999999999999944e-01 1.407961993259999878e-01
8.360049999999999981e-01 1.182889999999999997e+00 1.499999999999999944e-01 1.289125537049999881e-01
8.862250000000000405e-01 1.182889999999999997e+00 1.499999999999999944e-01 1.181411339420000012e-01
9.278170000000000028e-01 1.182889999999999997e+00 1.499999999999999944e-01 1.073191012749999951e-01
9.598520000000000385e-01 1.182889999999999997e+00 1.499999999999999944e-01 9.913589654399999895e-02
9.816139999999999866e-01 1.182889999999999997e+00 1.499999999999999944e-01 9.465227958899999350e-02
9.926190000000000291e-01 1.182889999999999997e+00 1.499999999999999944e-01 9.856405652100000414e-02
7.381000000000000408e-03 1.299357000000000095e+00 1.499999999999999944e-01 2.527113162160000148e-01
1.838599999999999957e-02 1.299357000000000095e+00 1.499999999999999944e-01 2.434055107979999910e-01
4.014800000000000313e-02 1.299357000000000095e+00 1.499999999999999944e-01 2.514511170550000063e-01
7.218299999999999716e-02 1.299357000000000095e+00 1.499999999999999944e-01 2.668097230570000145e-01
1.137750000000000011e-01 1.299357000000000095e+00 1.499999999999999944e-01 2.897307520890000099e-01
1.639950000000000019e-01 1.299357000000000095e+00 1.499999999999999944e-01 2.881057823120000139e-01
2.217200000000000004e-01 1.299357000000000095e+00 1.499999999999999944e-01 2.784265245920000131e-01
2.856609999999999983e-01 1.299357000000000095e+00 1.499999999999999944e-01 2.632261716620000191e-01
3.543910000000000116e-01 1.299357000000000095e+00 1.499999999999999944e-01 2.524605684899999813e-01
4.263730000000000020e-01 1.299357000000000095e+00 1.499999999999999944e-01 2.321237033670000005e-01
5.000000000000000000e-01 1.299357000000000095e+00 1.499999999999999944e-01 2.128669738379999898e-01
5.736269999999999980e-01 1.299357000000000095e+00 1.499999999999999944e-01 1.915170999380000072e-01
6.456089999999999884e-01 1.299357000000000095e+00 1.499999999999999944e-01 1.738915336150000102e-01
7.143389999999999462e-01 1.299357000000000095e+00 1.499999999999999944e-01 1.553627092629999984e-01
7.782799999999999718e-01 1.299357000000000095e+00 1.499999999999999944e-01 1.409952163269999892e-01
8.360049999999999981e-01 1.299357000000000095e+00 1.499999999999999944e-01 1.281246447519999998e-01
8.862250000000000405e-01 1.299357000000000095e+00 1.499999999999999944e-01 1.171350719530000056e-01
9.278170000000000028e-01 1.299357000000000095e+00 1.499999999999999944e-01 1.076568053819999954e-01
9.598520000000000385e-01 1.299357000000000095e+00 1.499999999999999944e-01 9.889189813500000314e-02
9.816139999999999866e-01 1.299357000000000095e+00 1.499999999999999944e-01 9.500899309999999431e-02
9.926190000000000291e-01 1.299357000000000095e+00 1.499999999999999944e-01 9.950285487299999343e-02
7.381000000000000408e-03 1.408557000000000059e+00 1.499999999999999944e-01 2.753882495089999827e-01
1.838599999999999957e-02 1.408557000000000059e+00 1.499999999999999944e-01 2.459843082060000075e-01
4.014800000000000313e-02 1.408557000000000059e+00 1.499999999999999944e-01 2.514390877730000029e-01
7.218299999999999716e-02 1.408557000000000059e+00 1.499999999999999944e-01 2.745153223860000158e-01
1.137750000000000011e-01 1.408557000000000059e+00 1.499999999999999944e-01 2.968518813830000047e-01
1.639950000000000019e-01 1.408557000000000059e+00 1.499999999999999944e-01 2.933782395930000231e-01
2.217200000000000004e-01 1.408557000000000059e+00 1.499999999999999944e-01 2.825926669289999804e-01
2.856609999999999983e-01 1.408557000000000059e+00 1.499999999999999944e-01 2.639507476619999959e-01
3.543910000000000116e-01 1.408557000000000059e+00 1.499999999999999944e-01 2.501757109719999761e-01
4.263730000000000020e-01 1.408557000000000059e+00 1.499999999999999944e-01 2.303118119839999978e-01
5.000000000000000000e-01 1.408557000000000059e+00 1.499999999999999944e-01 2.115716144260000042e-01
5.736269999999999980e-01 1.408557000000000059e+00 1.499999999999999944e-01 1.886412329630000051e-01
6.456089999999999884e-01 1.408557000000000059e+00 1.499999999999999944e-01 1.677367714319999981e-01
7.143389999999999462e-01 1.408557000000000059e+00 1.499999999999999944e-01 1.537641679789999993e-01
7.782799999999999718e-01 1.408557000000000059e+00 1.499999999999999944e-01 1.400485965930000076e-01
8.360049999999999981e-01 1.408557000000000059e+00 1.499999999999999944e-01 1.276248786670000079e-01
8.862250000000000405e-01 1.408557000000000059e+00 1.499999999999999944e-01 1.165341263909999980e-01
9.278170000000000028e-01 1.408557000000000059e+00 1.499999999999999944e-01 1.061308543480000005e-01
9.598520000000000385e-01 1.408557000000000059e+00 1.499999999999999944e-01 9.722357333900000231e-02
9.816139999999999866e-01 1.408557000000000059e+00 1.499999999999999944e-01 9.329224743099999440e-02
9.926190000000000291e-01 1.408557000000000059e+00 1.499999999999999944e-01 1.003748860349999994e-01
7.381000000000000408e-03 1.509880000000000111e+00 1.499999999999999944e-01 2.507861598769999811e-01
1.838599999999999957e-02 1.509880000000000111e+00 1.499999999999999944e-01 2.455832275850000079e-01
4.014800000000000313e-02 1.509880000000000111e+00 1.499999999999999944e-01 2.544364092959999768e-01
7.218299999999999716e-02 1.509880000000000111e+00 1.499999999999999944e-01 2.762875247509999910e-01
1.137750000000000011e-01 1.509880000000000111e+00 1.499999999999999944e-01 3.020029149830000259e-01
1.639950000000000019e-01 1.509880000000000111e+00 1.499999999999999944e-01 2.980344082870000078e-01
2.217200000000000004e-01 1.509880000000000111e+00 1.499999999999999944e-01 2.846785695369999925e-01
2.856609999999999983e-01 1.509880000000000111e+00 1.499999999999999944e-01 2.659495649440000165e-01
3.543910000000000116e-01 1.509880000000000111e+00 1.499999999999999944e-01 2.532283410539999946e-01
4.263730000000000020e-01 1.509880000000000111e+00 1.499999999999999944e-01 2.324367885309999993e-01
5.000000000000000000e-01 1.509880000000000111e+00 1.499999999999999944e-01 2.084859329390000016e-01
5.736269999999999980e-01 1.509880000000000111e+00 1.499999999999999944e-01 1.835482115850000095e-01
6.456089999999999884e-01 1.509880000000000111e+00 1.499999999999999944e-01 1.646142072489999997e-01
7.143389999999999462e-01 1.509880000000000111e+00 1.499999999999999944e-01 1.481086558159999955e-01
7.782799999999999718e-01 1.509880000000000111e+00 1.499999999999999944e-01 1.339088761070000022e-01
8.360049999999999981e-01 1.509880000000000111e+00 1.499999999999999944e-01 1.228289970539999942e-01
8.862250000000000405e-01 1.509880000000000111e+00 1.499999999999999944e-01 1.128451548920000047e-01
9.278170000000000028e-01 1.509880000000000111e+00 1.499999999999999944e-01 1.040734828199999934e-01
9.598520000000000385e-01 1.509880000000000111e+00 1.499999999999999944e-01 9.551800670299999407e-02
9.816139999999999866e-01 1.509880000000000111e+00 1.499999999999999944e-01 9.413998192500000473e-02
9.926190000000000291e-01 1.509880000000000111e+00 1.499999999999999944e-01 9.854303737800000629e-02
7.381000000000000408e-03 1.602759000000000045e+00 1.499999999999999944e-01 2.524103472779999913e-01
1.838599999999999957e-02 1.602759000000000045e+00 1.499999999999999944e-01 2.449366435579999890e-01
4.014800000000000313e-02 1.602759000000000045e+00 1.499999999999999944e-01 2.488822038880000032e-01
7.218299999999999716e-02 1.602759000000000045e+00 1.499999999999999944e-01 2.766584353459999868e-01
1.137750000000000011e-01 1.602759000000000045e+00 1.499999999999999944e-01 2.964195304569999800e-01
1.639950000000000019e-01 1.602759000000000045e+00 1.499999999999999944e-01 2.949719673239999951e-01
2.217200000000000004e-01 1.602759000000000045e+00 1.499999999999999944e-01 2.777443902980000212e-01
2.856609999999999983e-01 1.602759000000000045e+00 1.499999999999999944e-01 2.673056545210000245e-01
3.543910000000000116e-01 1.602759000000000045e+00 1.499999999999999944e-01 2.505702773580000264e-01
4.263730000000000020e-01 1.602759000000000045e+00 1.499999999999999944e-01 2.258427510709999919e-01
5.000000000000000000e-01 1.602759000000000045e+00 1.499999999999999944e-01 2.032760518889999979e-01
5.736269999999999980e-01 1.602759000000000045e+00 1.499999999999999944e-01 1.796043526420000036e-01
6.456089999999999884e-01 1.602759000000000045e+00 1.499999999999999944e-01 1.607035821289999888e-01
7.143389999999999462e-01 1.602759000000000045e+00 1.499999999999999944e-01 1.443702934549999928e-01
7.782799999999999718e-01 1.602759000000000045e+00 1.499999999999999944e-01 1.319948757380000059e-01
8.360049999999999981e-01 1.602759000000000045e+00 1.499999999999999944e-01 1.200018510479999995e-01
8.862250000000000405e-01 1.602759000000000045e+00 1.499999999999999944e-01 1.096728663679999993e-01
9.278170000000000028e-01 1.602759000000000045e+00 1.499999999999999944e-01 1.004501606660000018e-01
9.598520000000000385e-01 1.602759000000000045e+00 1.499999999999999944e-01 9.280239425700000100e-02
9.816139999999999866e-01 1.602759000000000045e+00 1.499999999999999944e-01 9.051088977400000013e-02
9.926190000000000291e-01 1.602759000000000045e+00 1.499999999999999944e-01 9.782872941499999586e-02
7.381000000000000408e-03 1.686674999999999924e+00 1.499999999999999944e-01 2.466251693469999895e-01
1.838599999999999957e-02 1.686674999999999924e+00 1.499999999999999944e-01 2.380791536250000118e-01
4.014800000000000313e-02 1.686674999999999924e+00 1.499999999999999944e-01 2.498691140629999974e-01
7.218299999999999716e-02 1.686674999999999924e+00 1.499999999999999944e-01 2.715547463920000015e-01
1.137750000000000011e-01 1.686674999999999924e+00 1.499999999999999944e-01 2.935228958950000244e-01
1.639950000000000019e-01 1.686674999999999924e+00 1.499999999999999944e-01 2.898986687330000200e-01
2.217200000000000004e-01 1.686674999999999924e+00 1.499999999999999944e-01 2.738589224560000202e-01
2.856609999999999983e-01 1.686674999999999924e+00 1.499999999999999944e-01 2.543912237100000029e-01
3.543910000000000116e-01 1.686674999999999924e+00 1.499999999999999944e-01 2.422673308540000126e-01
4.263730000000000020e-01 1.686674999999999924e+00 1.499999999999999944e-01 2.187508895370000039e-01
5.000000000000000000e-01 1.686674999999999924e+00 1.499999999999999944e-01 1.970142088179999973e-01
5.736269999999999980e-01 1.686674999999999924e+00 1.499999999999999944e-01 1.743977242789999937e-01
6.456089999999999884e-01 1.686674999999999924e+00 1.499999999999999944e-01 1.545888674030000132e-01
7.143389999999999462e-01 1.686674999999999924e+00 1.499999999999999944e-01 1.398039314940000000e-01
7.782799999999999718e-01 1.686674999999999924e+00 1.499999999999999944e-01 1.252823501299999975e-01
8.360049999999999981e-01 1.686674999999999924e+00 1.499999999999999944e-01 1.151629219930000031e-01
8.862250000000000405e-01 1.686674999999999924e+00 1.499999999999999944e-01 1.049785021900000032e-01
9.278170000000000028e-01 1.686674999999999924e+00 1.499999999999999944e-01 9.627130720599999525e-02
9.598520000000000385e-01 1.686674999999999924e+00 1.499999999999999944e-01 8.969793690199999447e-02
9.816139999999999866e-01 1.686674999999999924e+00 1.499999999999999944e-01 8.906070513199999816e-02
9.926190000000000291e-01 1.686674999999999924e+00 1.499999999999999944e-01 9.557151317100000265e-02
7.381000000000000408e-03 1.761158000000000001e+00 1.499999999999999944e-01 2.739644005119999948e-01
1.838599999999999957e-02 1.761158000000000001e+00 1.499999999999999944e-01 2.485412000470000049e-01
4.014800000000000313e-02 1.761158000000000001e+00 1.499999999999999944e-01 2.541248255060000183e-01
7.218299999999999716e-02 1.761158000000000001e+00 1.499999999999999944e-01 2.729704935410000033e-01
1.137750000000000011e-01 1.761158000000000001e+00 1.499999999999999944e-01 2.940902503430000148e-01
1.639950000000000019e-01 1.761158000000000001e+00 1.499999999999999944e-01 2.821363198660000182e-01
2.217200000000000004e-01 1.761158000000000001e+00 1.499999999999999944e-01 2.645923833730000063e-01
2.856609999999999983e-01 1.761158000000000001e+00 1.499999999999999944e-01 2.513122595860000086e-01
3.543910000000000116e-01 1.761158000000000001e+00 1.499999999999999944e-01 2.368639087630000084e-01
4.263730000000000020e-01 1.761158000000000001e+00 1.499999999999999944e-01 2.152069896509999913e-01
5.000000000000000000e-01 1.761158000000000001e+00 1.499999999999999944e-01 1.890620584530000037e-01
5.736269999999999980e-01 1.761158000000000001e+00 1.499999999999999944e-01 1.633692972789999864e-01
6.456089999999999884e-01 1.761158000000000001e+00 1.499999999999999944e-01 1.445423210360000099e-01
7.143389999999999462e-01 1.761158000000000001e+00 1.499999999999999944e-01 1.294335924089999867e-01
7.782799999999999718e-01 1.761158000000000001e+00 1.499999999999999944e-01 1.160098770280000025e-01
8.360049999999999981e-01 1.761158000000000001e+00 1.499999999999999944e-01 1.053078467909999982e-01
8.862250000000000405e-01 1.761158000000000001e+00 1.499999999999999944e-01 9.687299330199999892e-02
9.278170000000000028e-01 1.761158000000000001e+00 1.499999999999999944e-01 8.916137951499999992e-02
9.598520000000000385e-01 1.761158000000000001e+00 1.499999999999999944e-01 8.342325608499999434e-02
9.816139999999999866e-01 1.761158000000000001e+00 1.499999999999999944e-01 8.473564904600000558e-02
9.926190000000000291e-01 1.761158000000000001e+00 1.499999999999999944e-01 9.333778646899999754e-02
7.381000000000000408e-03 1.825792000000000082e+00 1.499999999999999944e-01 2.767147610149999770e-01
1.838599999999999957e-02 1.825792000000000082e+00 1.499999999999999944e-01 2.636415188460000114e-01
4.014800000000000313e-02 1.825792000000000082e+00 1.499999999999999944e-01 2.711471483599999788e-01
7.218299999999999716e-02 1.825792000000000082e+00 1.499999999999999944e-01 2.837368408220000138e-01
1.137750000000000011e-01 1.825792000000000082e+00 1.499999999999999944e-01 2.964387083739999929e-01
1.639950000000000019e-01 1.825792000000000082e+00 1.499999999999999944e-01 2.772439353280000129e-01
2.217200000000000004e-01 1.825792000000000082e+00 1.499999999999999944e-01 2.594353187330000199e-01
2.856609999999999983e-01 1.825792000000000082e+00 1.499999999999999944e-01 2.479134073460000087e-01
3.543910000000000116e-01 1.825792000000000082e+00 1.499999999999999944e-01 2.308517868490000124e-01
4.263730000000000020e-01 1.825792000000000082e+00 1.499999999999999944e-01 2.012211808169999949e-01
5.000000000000000000e-01 1.825792000000000082e+00 1.499999999999999944e-01 1.768318825140000050e-01
5.736269999999999980e-01 1.825792000000000082e+00 1.499999999999999944e-01 1.525370390580000068e-01
6.456089999999999884e-01 1.825792000000000082e+00 1.499999999999999944e-01 1.329248247639999991e-01
7.143389999999999462e-01 1.825792000000000082e+00 1.499999999999999944e-01 1.192621983400000002e-01
7.782799999999999718e-01 1.825792000000000082e+00 1.499999999999999944e-01 1.074822210239999992e-01
8.360049999999999981e-01 1.825792000000000082e+00 1.499999999999999944e-01 9.836427084899999895e-02
8.862250000000000405e-01 1.825792000000000082e+00 1.499999999999999944e-01 9.039669725000000489e-02
9.278170000000000028e-01 1.825792000000000082e+00 1.499999999999999944e-01 8.414587508800000504e-02
9.598520000000000385e-01 1.825792000000000082e+00 1.499999999999999944e-01 8.000608730199999796e-02
9.816139999999999866e-01 1.825792000000000082e+00 1.499999999999999944e-01 8.314746845699999556e-02
9.926190000000000291e-01 1.825792000000000082e+00 1.499999999999999944e-01 9.291191602899999402e-02
7.381000000000000408e-03 1.880216000000000109e+00 1.499999999999999944e-01 2.994629930370000248e-01
1.838599999999999957e-02 1.880216000000000109e+00 1.499999999999999944e-01 2.845442130460000274e-01
4.014800000000000313e-02 1.880216000000000109e+00 1.499999999999999944e-01 2.931475281659999821e-01
7.218299999999999716e-02 1.880216000000000109e+00 1.499999999999999944e-01 3.031435438169999830e-01
1.137750000000000011e-01 1.880216000000000109e+00 1.499999999999999944e-01 2.981233597030000237e-01
1.639950000000000019e-01 1.880216000000000109e+00 1.499999999999999944e-01 2.719706491769999790e-01
2.217200000000000004e-01 1.880216000000000109e+00 1.499999999999999944e-01 2.574122153569999849e-01
2.856609999999999983e-01 1.880216000000000109e+00 1.499999999999999944e-01 2.434546558379999948e-01
3.543910000000000116e-01 1.880216000000000109e+00 1.499999999999999944e-01 2.174352962710000003e-01
4.263730000000000020e-01 1.880216000000000109e+00 1.499999999999999944e-01 1.873898547650000024e-01
5.000000000000000000e-01 1.880216000000000109e+00 1.499999999999999944e-01 1.625346520089999969e-01
5.736269999999999980e-01 1.880216000000000109e+00 1.499999999999999944e-01 1.413515298349999894e-01
6.456089999999999884e-01 1.880216000000000109e+00 1.499999999999999944e-01 1.231783480569999950e-01
7.143389999999999462e-01 1.880216000000000109e+00 1.499999999999999944e-01 1.102364227919999939e-01
7.782799999999999718e-01 1.880216000000000109e+00 1.499999999999999944e-01 9.971247627500000321e-02
8.360049999999999981e-01 1.880216000000000109e+00 1.499999999999999944e-01 9.223603927399999514e-02
8.862250000000000405e-01 1.880216000000000109e+00 1.499999999999999944e-01 8.592454230300000662e-02
9.278170000000000028e-01 1.880216000000000109e+00 1.499999999999999944e-01 8.066868151099999829e-02
9.598520000000000385e-01 1.880216000000000109e+00 1.499999999999999944e-01 7.811458291499999429e-02
9.816139999999999866e-01 1.880216000000000109e+00 1.499999999999999944e-01 8.270667623600000407e-02
9.926190000000000291e-01 1.880216000000000109e+00 1.499999999999999944e-01 9.314468932399999623e-02
7.381000000000000408e-03 1.924123999999999945e+00 1.499999999999999944e-01 3.163447843430000073e-01
1.838599999999999957e-02 1.924123999999999945e+00 1.499999999999999944e-01 3.075865500150000154e-01
4.014800000000000313e-02 1.924123999999999945e+00 1.499999999999999944e-01 3.159065178989999834e-01
7.218299999999999716e-02 1.924123999999999945e+00 1.499999999999999944e-01 3.075639881180000090e-01
1.137750000000000011e-01 1.924123999999999945e+00 1.499999999999999944e-01 2.884444298680000074e-01
1.639950000000000019e-01 1.924123999999999945e+00 1.499999999999999944e-01 2.641653441540000036e-01
2.217200000000000004e-01 1.924123999999999945e+00 1.499999999999999944e-01 2.587238182359999916e-01
2.856609999999999983e-01 1.924123999999999945e+00 1.499999999999999944e-01 2.406701918889999903e-01
3.543910000000000116e-01 1.924123999999999945e+00 1.499999999999999944e-01 2.116356938700000023e-01
4.263730000000000020e-01 1.924123999999999945e+00 1.499999999999999944e-01 1.822008343279999942e-01
5.000000000000000000e-01 1.924123999999999945e+00 1.499999999999999944e-01 1.606677575490000065e-01
5.736269999999999980e-01 1.924123999999999945e+00 1.499999999999999944e-01 1.381197183329999911e-01
6.456089999999999884e-01 1.924123999999999945e+00 1.499999999999999944e-01 1.218948935799999966e-01
7.143389999999999462e-01 1.924123999999999945e+00 1.499999999999999944e-01 1.112643181610000059e-01
7.782799999999999718e-01 1.924123999999999945e+00 1.499999999999999944e-01 1.012552407570000007e-01
8.360049999999999981e-01 1.924123999999999945e+00 1.499999999999999944e-01 9.457103266699999622e-02
8.862250000000000405e-01 1.924123999999999945e+00 1.499999999999999944e-01 8.844706552200000405e-02
9.278170000000000028e-01 1.924123999999999945e+00 1.499999999999999944e-01 8.324832557200000094e-02
9.598520000000000385e-01 1.924123999999999945e+00 1.499999999999999944e-01 8.011596075299999564e-02
9.816139999999999866e-01 1.924123999999999945e+00 1.499999999999999944e-01 8.378563905899999442e-02
9.926190000000000291e-01 1.924123999999999945e+00 1.499999999999999944e-01 9.460991223600000166e-02
7.381000000000000408e-03 1.957271999999999901e+00 1.499999999999999944e-01 3.585423285420000217e-01
1.838599999999999957e-02 1.957271999999999901e+00 1.499999999999999944e-01 3.377612651379999775e-01
4.014800000000000313e-02 1.957271999999999901e+00 1.499999999999999944e-01 3.268108651000000142e-01
7.218299999999999716e-02 1.957271999999999901e+00 1.499999999999999944e-01 3.012875574810000012e-01
1.137750000000000011e-01 1.957271999999999901e+00 1.499999999999999944e-01 2.805726895860000125e-01
1.639950000000000019e-01 1.957271999999999901e+00 1.499999999999999944e-01 2.667162665969999846e-01
2.217200000000000004e-01 1.957271999999999901e+00 1.499999999999999944e-01 2.632097870449999766e-01
2.856609999999999983e-01 1.957271999999999901e+00 1.499999999999999944e-01 2.461333347019999951e-01
3.543910000000000116e-01 1.957271999999999901e+00 1.499999999999999944e-01 2.167089479029999932e-01
4.263730000000000020e-01 1.957271999999999901e+00 1.499999999999999944e-01 1.916201065149999994e-01
5.000000000000000000e-01 1.957271999999999901e+00 1.499999999999999944e-01 1.672595231419999884e-01
5.736269999999999980e-01 1.957271999999999901e+00 1.499999999999999944e-01 1.470894438900000045e-01
6.456089999999999884e-01 1.957271999999999901e+00 1.499999999999999944e-01 1.332814550160000000e-01
7.143389999999999462e-01 1.957271999999999901e+00 1.499999999999999944e-01 1.189440451229999973e-01
7.782799999999999718e-01 1.957271999999999901e+00 1.499999999999999944e-01 1.099144464129999943e-01
8.360049999999999981e-01 1.957271999999999901e+00 1.499999999999999944e-01 1.015020060120000039e-01
8.862250000000000405e-01 1.957271999999999901e+00 1.499999999999999944e-01 9.444808857099999677e-02
9.278170000000000028e-01 1.957271999999999901e+00 1.499999999999999944e-01 8.945798493800000140e-02
9.598520000000000385e-01 1.957271999999999901e+00 1.499999999999999944e-01 8.555557266499999591e-02
9.816139999999999866e-01 1.957271999999999901e+00 1.499999999999999944e-01 8.718817709399999394e-02
9.926190000000000291e-01 1.957271999999999901e+00 1.499999999999999944e-01 9.877007551600000546e-02
7.381000000000000408e-03 1.979475000000000096e+00 1.499999999999999944e-01 3.525748284399999877e-01
1.838599999999999957e-02 1.979475000000000096e+00 1.499999999999999944e-01 3.337143754820000030e-01
4.014800000000000313e-02 1.979475000000000096e+00 1.499999999999999944e-01 3.165923296170000123e-01
7.218299999999999716e-02 1.979475000000000096e+00 1.499999999999999944e-01 2.968028638640000105e-01
1.137750000000000011e-01 1.979475000000000096e+00 1.499999999999999944e-01 2.831885462220000149e-01
1.639950000000000019e-01 1.979475000000000096e+00 1.499999999999999944e-01 2.762870366560000179e-01
2.217200000000000004e-01 1.979475000000000096e+00 1.499999999999999944e-01 2.724649199959999768e-01
2.856609999999999983e-01 1.979475000000000096e+00 1.499999999999999944e-01 2.561574404340000166e-01
3.543910000000000116e-01 1.979475000000000096e+00 1.499999999999999944e-01 2.278682576140000082e-01
4.263730000000000020e-01 1.979475000000000096e+00 1.499999999999999944e-01 2.049026560030000055e-01
5.000000000000000000e-01 1.979475000000000096e+00 1.499999999999999944e-01 1.744857460450000008e-01
5.736269999999999980e-01 1.979475000000000096e+00 1.499999999999999944e-01 1.536655422039999996e-01
6.456089999999999884e-01 1.979475000000000096e+00 1.499999999999999944e-01 1.369516541080000038e-01
7.143389999999999462e-01 1.979475000000000096e+00 1.499999999999999944e-01 1.223745930899999973e-01
7.782799999999999718e-01 1.979475000000000096e+00 1.499999999999999944e-01 1.129760771860000013e-01
8.360049999999999981e-01 1.979475000000000096e+00 1.499999999999999944e-01 1.034621961200000023e-01
8.862250000000000405e-01 1.979475000000000096e+00 1.499999999999999944e-01 9.762380483299999689e-02
9.278170000000000028e-01 1.979475000000000096e+00 1.499999999999999944e-01 9.119143791099999785e-02
9.598520000000000385e-01 1.979475000000000096e+00 1.499999999999999944e-01 8.720518638799999722e-02
9.816139999999999866e-01 1.979475000000000096e+00 1.499999999999999944e-01 8.737916809500000104e-02
9.926190000000000291e-01 1.979475000000000096e+00 1.499999999999999944e-01 9.475700084799999756e-02
7.381000000000000408e-03 1.990607000000000015e+00 1.499999999999999944e-01 2.930722706789999910e-01
1.838599999999999957e-02 1.990607000000000015e+00 1.499999999999999944e-01 3.105812289539999771e-01
4.014800000000000313e-02 1.990607000000000015e+00 1.499999999999999944e-01 2.975140648749999839e-01
7.218299999999999716e-02 1.990607000000000015e+00 1.499999999999999944e-01 2.985741287720000137e-01
1.137750000000000011e-01 1.990607000000000015e+00 1.499999999999999944e-01 2.910658293139999908e-01
1.639950000000000019e-01 1.990607000000000015e+00 1.499999999999999944e-01 2.813466480519999924e-01
2.217200000000000004e-01 1.990607000000000015e+00 1.499999999999999944e-01 2.742681040239999812e-01
2.856609999999999983e-01 1.990607000000000015e+00 1.499999999999999944e-01 2.673031441809999853e-01
3.543910000000000116e-01 1.990607000000000015e+00 1.499999999999999944e-01 2.450634414070000100e-01
4.263730000000000020e-01 1.990607000000000015e+00 1.499999999999999944e-01 2.180392069550000089e-01
5.000000000000000000e-01 1.990607000000000015e+00 1.499999999999999944e-01 1.832293124190000067e-01
5.736269999999999980e-01 1.990607000000000015e+00 1.499999999999999944e-01 1.574516529649999941e-01
6.456089999999999884e-01 1.990607000000000015e+00 1.499999999999999944e-01 1.387247324720000119e-01
7.143389999999999462e-01 1.990607000000000015e+00 1.499999999999999944e-01 1.233268467170000049e-01
7.782799999999999718e-01 1.990607000000000015e+00 1.499999999999999944e-01 1.170666747929999946e-01
8.360049999999999981e-01 1.990607000000000015e+00 1.499999999999999944e-01 1.067400510039999972e-01
8.862250000000000405e-01 1.990607000000000015e+00 1.499999999999999944e-01 9.882735591800000108e-02
9.278170000000000028e-01 1.990607000000000015e+00 1.499999999999999944e-01 9.259781550800000316e-02
9.598520000000000385e-01 1.990607000000000015e+00 1.499999999999999944e-01 9.018020923500000285e-02
9.816139999999999866e-01 1.990607000000000015e+00 1.499999999999999944e-01 8.587400817099999362e-02
9.926190000000000291e-01 1.990607000000000015e+00 1.499999999999999944e-01 9.762957616499999547e-02
