# ['# x', 'y', 'z', 'rmsCpHF']
7.381647521316000646e-03 7.448299999999999366e-02 -1.500000152340000004e-01 1.715425037809999997e-01
1.838586961938000128e-02 7.448299999999999366e-02 -1.500001434622999785e-01 1.654780799760000032e-01
4.014835040451000120e-02 7.448299999999999366e-02 -1.500004210437999863e-01 1.579869710150000051e-01
7.218349318170000362e-02 7.448299999999999366e-02 -1.499999261258999905e-01 1.515649698550000091e-01
1.137757282259999891e-01 7.448299999999999366e-02 -1.500000618287999909e-01 1.488751475189999951e-01
1.639950390619999976e-01 7.448299999999999366e-02 -1.499996639397999931e-01 1.477213147430000151e-01
2.217195150225999833e-01 7.448299999999999366e-02 -1.499999387358000036e-01 1.463687268530000085e-01
2.856611717572000164e-01 7.448299999999999366e-02 -1.499997405514000015e-01 1.445488205660000192e-01
3.543912358411999697e-01 7.448299999999999366e-02 -1.499997775503000008e-01 1.427815267739999949e-01
4.263730274622999916e-01 7.448299999999999366e-02 -1.499996572427000074e-01 1.408481314660000039e-01
4.999999052838000058e-01 7.448299999999999366e-02 -1.500001640532000191e-01 1.379258803119999821e-01
5.736272831053000898e-01 7.448299999999999366e-02 -1.499998048382999993e-01 1.341394708360000021e-01
6.456090747264999763e-01 7.448299999999999366e-02 -1.499996845307000060e-01 1.299925977720000070e-01
7.143386388105000817e-01 7.448299999999999366e-02 -1.500005875550000090e-01 1.249100614780000035e-01
7.782802955450999205e-01 7.448299999999999366e-02 -1.500003893706000069e-01 1.194723017500000095e-01
8.360052715056999206e-01 7.448299999999999366e-02 -1.499997981412000136e-01 1.134056259339999984e-01
8.862245823416998736e-01 7.448299999999999366e-02 -1.499994002522000158e-01 1.070655341860000109e-01
9.278163173860000112e-01 7.448299999999999366e-02 -1.500004019804999922e-01 1.019052058909999947e-01
9.598514601631998877e-01 7.448299999999999366e-02 -1.499999070627000275e-01 9.925986374399999035e-02
9.816139409483000122e-01 7.448299999999999366e-02 -1.500001846441000042e-01 1.027591254369999985e-01
9.926186630463998961e-01 7.448299999999999366e-02 -1.499994468471000097e-01 1.118329379729999934e-01
7.381647521316000646e-03 2.230330000000000090e-01 -1.500000152340000004e-01 2.001686483850000087e-01
1.838586961938000128e-02 2.230330000000000090e-01 -1.500001434622999785e-01 2.031576502219999969e-01
4.014835040451000120e-02 2.230330000000000090e-01 -1.500004210437999863e-01 1.970726149900000057e-01
7.218349318170000362e-02 2.230330000000000090e-01 -1.499999261258999905e-01 1.858490669399999740e-01
1.137757282259999891e-01 2.230330000000000090e-01 -1.500000618287999909e-01 1.752789690170000192e-01
1.639950390619999976e-01 2.230330000000000090e-01 -1.499996639397999931e-01 1.666297207650000167e-01
2.217195150225999833e-01 2.230330000000000090e-01 -1.499999387358000036e-01 1.578669609479999847e-01
2.856611717572000164e-01 2.230330000000000090e-01 -1.499997405514000015e-01 1.508440405789999994e-01
3.543912358411999697e-01 2.230330000000000090e-01 -1.499997775503000008e-01 1.446223139310000017e-01
4.263730274622999916e-01 2.230330000000000090e-01 -1.499996572427000074e-01 1.398813325169999955e-01
4.999999052838000058e-01 2.230330000000000090e-01 -1.500001640532000191e-01 1.356211621439999959e-01
5.736272831053000898e-01 2.230330000000000090e-01 -1.499998048382999993e-01 1.307535292750000022e-01
6.456090747264999763e-01 2.230330000000000090e-01 -1.499996845307000060e-01 1.259314082410000202e-01
7.143386388105000817e-01 2.230330000000000090e-01 -1.500005875550000090e-01 1.215781791059999950e-01
7.782802955450999205e-01 2.230330000000000090e-01 -1.500003893706000069e-01 1.179995884229999986e-01
8.360052715056999206e-01 2.230330000000000090e-01 -1.499997981412000136e-01 1.144019021470000091e-01
8.862245823416998736e-01 2.230330000000000090e-01 -1.499994002522000158e-01 1.106957234750000074e-01
9.278163173860000112e-01 2.230330000000000090e-01 -1.500004019804999922e-01 1.078859524840000139e-01
9.598514601631998877e-01 2.230330000000000090e-01 -1.499999070627000275e-01 1.064706166469999993e-01
9.816139409483000122e-01 2.230330000000000090e-01 -1.500001846441000042e-01 1.075304070919999994e-01
9.926186630463998961e-01 2.230330000000000090e-01 -1.499994468471000097e-01 1.142169187960000026e-01
7.381647521316000646e-03 3.703359999999999985e-01 -1.500000152340000004e-01 2.132994673970000088e-01
1.838586961938000128e-02 3.703359999999999985e-01 -1.500001434622999785e-01 2.099413462799999963e-01
4.014835040451000120e-02 3.703359999999999985e-01 -1.500004210437999863e-01 2.005222724509999888e-01
7.218349318170000362e-02 3.703359999999999985e-01 -1.499999261258999905e-01 1.916368527650000042e-01
1.137757282259999891e-01 3.703359999999999985e-01 -1.500000618287999909e-01 1.828712542020000109e-01
1.639950390619999976e-01 3.703359999999999985e-01 -1.499996639397999931e-01 1.739183788950000031e-01
2.217195150225999833e-01 3.703359999999999985e-01 -1.499999387358000036e-01 1.675190356739999775e-01
2.856611717572000164e-01 3.703359999999999985e-01 -1.499997405514000015e-01 1.609483311300000108e-01
3.543912358411999697e-01 3.703359999999999985e-01 -1.499997775503000008e-01 1.541697045729999993e-01
4.263730274622999916e-01 3.703359999999999985e-01 -1.499996572427000074e-01 1.481577367400000178e-01
4.999999052838000058e-01 3.703359999999999985e-01 -1.500001640532000191e-01 1.423304074739999980e-01
5.736272831053000898e-01 3.703359999999999985e-01 -1.499998048382999993e-01 1.378708851469999941e-01
6.456090747264999763e-01 3.703359999999999985e-01 -1.499996845307000060e-01 1.344748288350000043e-01
7.143386388105000817e-01 3.703359999999999985e-01 -1.500005875550000090e-01 1.323418811990000055e-01
7.782802955450999205e-01 3.703359999999999985e-01 -1.500003893706000069e-01 1.299780189599999969e-01
8.360052715056999206e-01 3.703359999999999985e-01 -1.499997981412000136e-01 1.271471358960000186e-01
8.862245823416998736e-01 3.703359999999999985e-01 -1.499994002522000158e-01 1.225042121609999923e-01
9.278163173860000112e-01 3.703359999999999985e-01 -1.500004019804999922e-01 1.182425965719999944e-01
9.598514601631998877e-01 3.703359999999999985e-01 -1.499999070627000275e-01 1.151348048839999916e-01
9.816139409483000122e-01 3.703359999999999985e-01 -1.500001846441000042e-01 1.117284149870000076e-01
9.926186630463998961e-01 3.703359999999999985e-01 -1.499994468471000097e-01 1.168736254709999978e-01
7.381647521316000646e-03 5.155680000000000263e-01 -1.500000152340000004e-01 2.181076548679999894e-01
1.838586961938000128e-02 5.155680000000000263e-01 -1.500001434622999785e-01 2.106951288649999976e-01
4.014835040451000120e-02 5.155680000000000263e-01 -1.500004210437999863e-01 2.003109095399999984e-01
7.218349318170000362e-02 5.155680000000000263e-01 -1.499999261258999905e-01 1.881302757979999851e-01
1.137757282259999891e-01 5.155680000000000263e-01 -1.500000618287999909e-01 1.790704971860000161e-01
1.639950390619999976e-01 5.155680000000000263e-01 -1.499996639397999931e-01 1.725274932079999823e-01
2.217195150225999833e-01 5.155680000000000263e-01 -1.499999387358000036e-01 1.672796041440000048e-01
2.856611717572000164e-01 5.155680000000000263e-01 -1.499997405514000015e-01 1.612991363390000044e-01
3.543912358411999697e-01 5.155680000000000263e-01 -1.499997775503000008e-01 1.550503763699999926e-01
4.263730274622999916e-01 5.155680000000000263e-01 -1.499996572427000074e-01 1.497720420160000010e-01
4.999999052838000058e-01 5.155680000000000263e-01 -1.500001640532000191e-01 1.457994832630000182e-01
5.736272831053000898e-01 5.155680000000000263e-01 -1.499998048382999993e-01 1.426447383720000073e-01
6.456090747264999763e-01 5.155680000000000263e-01 -1.499996845307000060e-01 1.393082750610000198e-01
7.143386388105000817e-01 5.155680000000000263e-01 -1.500005875550000090e-01 1.359998848990000009e-01
7.782802955450999205e-01 5.155680000000000263e-01 -1.500003893706000069e-01 1.331228488049999992e-01
8.360052715056999206e-01 5.155680000000000263e-01 -1.499997981412000136e-01 1.298344281430000025e-01
8.862245823416998736e-01 5.155680000000000263e-01 -1.499994002522000158e-01 1.256563041719999940e-01
9.278163173860000112e-01 5.155680000000000263e-01 -1.500004019804999922e-01 1.202906909579999906e-01
9.598514601631998877e-01 5.155680000000000263e-01 -1.499999070627000275e-01 1.162175390689999949e-01
9.816139409483000122e-01 5.155680000000000263e-01 -1.500001846441000042e-01 1.128903157509999894e-01
9.926186630463998961e-01 5.155680000000000263e-01 -1.499994468471000097e-01 1.178130179759999951e-01
7.381647521316000646e-03 6.579159999999999453e-01 -1.500000152340000004e-01 2.324005982319999886e-01
1.838586961938000128e-02 6.579159999999999453e-01 -1.500001434622999785e-01 2.218911681659999913e-01
4.014835040451000120e-02 6.579159999999999453e-01 -1.500004210437999863e-01 2.081513411580000195e-01
7.218349318170000362e-02 6.579159999999999453e-01 -1.499999261258999905e-01 1.951301994069999934e-01
1.137757282259999891e-01 6.579159999999999453e-01 -1.500000618287999909e-01 1.835053567249999851e-01
1.639950390619999976e-01 6.579159999999999453e-01 -1.499996639397999931e-01 1.757885537200000181e-01
2.217195150225999833e-01 6.579159999999999453e-01 -1.499999387358000036e-01 1.696729361290000015e-01
2.856611717572000164e-01 6.579159999999999453e-01 -1.499997405514000015e-01 1.627695780589999974e-01
3.543912358411999697e-01 6.579159999999999453e-01 -1.499997775503000008e-01 1.569312832110000000e-01
4.263730274622999916e-01 6.579159999999999453e-01 -1.499996572427000074e-01 1.530794736620000041e-01
4.999999052838000058e-01 6.579159999999999453e-01 -1.500001640532000191e-01 1.485726639830000084e-01
5.736272831053000898e-01 6.579159999999999453e-01 -1.499998048382999993e-01 1.444427317139999889e-01
6.456090747264999763e-01 6.579159999999999453e-01 -1.499996845307000060e-01 1.406252814700000020e-01
7.143386388105000817e-01 6.579159999999999453e-01 -1.500005875550000090e-01 1.375444194090000016e-01
7.782802955450999205e-01 6.579159999999999453e-01 -1.500003893706000069e-01 1.343408649650000009e-01
8.360052715056999206e-01 6.579159999999999453e-01 -1.499997981412000136e-01 1.307814265829999878e-01
8.862245823416998736e-01 6.579159999999999453e-01 -1.499994002522000158e-01 1.264400626019999974e-01
9.278163173860000112e-01 6.579159999999999453e-01 -1.500004019804999922e-01 1.216316205289999924e-01
9.598514601631998877e-01 6.579159999999999453e-01 -1.499999070627000275e-01 1.168265314999999971e-01
9.816139409483000122e-01 6.579159999999999453e-01 -1.500001846441000042e-01 1.123051187949999918e-01
9.926186630463998961e-01 6.579159999999999453e-01 -1.499994468471000097e-01 1.173523966360000004e-01
7.381647521316000646e-03 7.965849999999999875e-01 -1.500000152340000004e-01 2.365326246819999811e-01
1.838586961938000128e-02 7.965849999999999875e-01 -1.500001434622999785e-01 2.242667941580000213e-01
4.014835040451000120e-02 7.965849999999999875e-01 -1.500004210437999863e-01 2.109478844260000152e-01
7.218349318170000362e-02 7.965849999999999875e-01 -1.499999261258999905e-01 1.982399889020000083e-01
1.137757282259999891e-01 7.965849999999999875e-01 -1.500000618287999909e-01 1.866799797250000004e-01
1.639950390619999976e-01 7.965849999999999875e-01 -1.499996639397999931e-01 1.752367932409999995e-01
2.217195150225999833e-01 7.965849999999999875e-01 -1.499999387358000036e-01 1.660690336150000002e-01
2.856611717572000164e-01 7.965849999999999875e-01 -1.499997405514000015e-01 1.590518557839999958e-01
3.543912358411999697e-01 7.965849999999999875e-01 -1.499997775503000008e-01 1.538577219299999965e-01
4.263730274622999916e-01 7.965849999999999875e-01 -1.499996572427000074e-01 1.502589725240000007e-01
4.999999052838000058e-01 7.965849999999999875e-01 -1.500001640532000191e-01 1.472786799209999942e-01
5.736272831053000898e-01 7.965849999999999875e-01 -1.499998048382999993e-01 1.440027496140000030e-01
6.456090747264999763e-01 7.965849999999999875e-01 -1.499996845307000060e-01 1.413868981320000051e-01
7.143386388105000817e-01 7.965849999999999875e-01 -1.500005875550000090e-01 1.389116354019999944e-01
7.782802955450999205e-01 7.965849999999999875e-01 -1.500003893706000069e-01 1.357686883950000034e-01
8.360052715056999206e-01 7.965849999999999875e-01 -1.499997981412000136e-01 1.325441238330000160e-01
8.862245823416998736e-01 7.965849999999999875e-01 -1.499994002522000158e-01 1.293489413810000044e-01
9.278163173860000112e-01 7.965849999999999875e-01 -1.500004019804999922e-01 1.244305038619999970e-01
9.598514601631998877e-01 7.965849999999999875e-01 -1.499999070627000275e-01 1.183396420519999964e-01
9.816139409483000122e-01 7.965849999999999875e-01 -1.500001846441000042e-01 1.131242656760000076e-01
9.926186630463998961e-01 7.965849999999999875e-01 -1.499994468471000097e-01 1.213570218880000023e-01
7.381647521316000646e-03 9.307990000000000430e-01 -1.500000152340000004e-01 2.336175787040000174e-01
1.838586961938000128e-02 9.307990000000000430e-01 -1.500001434622999785e-01 2.272581177459999935e-01
4.014835040451000120e-02 9.307990000000000430e-01 -1.500004210437999863e-01 2.146923471870000044e-01
7.218349318170000362e-02 9.307990000000000430e-01 -1.499999261258999905e-01 1.979579486479999817e-01
1.137757282259999891e-01 9.307990000000000430e-01 -1.500000618287999909e-01 1.843796183240000164e-01
1.639950390619999976e-01 9.307990000000000430e-01 -1.499996639397999931e-01 1.740329009109999880e-01
2.217195150225999833e-01 9.307990000000000430e-01 -1.499999387358000036e-01 1.666988304289999945e-01
2.856611717572000164e-01 9.307990000000000430e-01 -1.499997405514000015e-01 1.608779101160000002e-01
3.543912358411999697e-01 9.307990000000000430e-01 -1.499997775503000008e-01 1.561652042860000034e-01
4.263730274622999916e-01 9.307990000000000430e-01 -1.499996572427000074e-01 1.522930277659999831e-01
4.999999052838000058e-01 9.307990000000000430e-01 -1.500001640532000191e-01 1.479213718429999991e-01
5.736272831053000898e-01 9.307990000000000430e-01 -1.499998048382999993e-01 1.441844882459999977e-01
6.456090747264999763e-01 9.307990000000000430e-01 -1.499996845307000060e-01 1.406810761600000015e-01
7.143386388105000817e-01 9.307990000000000430e-01 -1.500005875550000090e-01 1.376619636739999930e-01
7.782802955450999205e-01 9.307990000000000430e-01 -1.500003893706000069e-01 1.346853079370000095e-01
8.360052715056999206e-01 9.307990000000000430e-01 -1.499997981412000136e-01 1.318874293739999981e-01
8.862245823416998736e-01 9.307990000000000430e-01 -1.499994002522000158e-01 1.283471613190000082e-01
9.278163173860000112e-01 9.307990000000000430e-01 -1.500004019804999922e-01 1.235629138020000045e-01
9.598514601631998877e-01 9.307990000000000430e-01 -1.499999070627000275e-01 1.179456935100000048e-01
9.816139409483000122e-01 9.307990000000000430e-01 -1.500001846441000042e-01 1.131471816169999922e-01
9.926186630463998961e-01 9.307990000000000430e-01 -1.499994468471000097e-01 1.170721304810000002e-01
7.381647521316000646e-03 1.059808000000000083e+00 -1.500000152340000004e-01 2.395379871120000004e-01
1.838586961938000128e-02 1.059808000000000083e+00 -1.500001434622999785e-01 2.294258610580000024e-01
4.014835040451000120e-02 1.059808000000000083e+00 -1.500004210437999863e-01 2.143781446609999974e-01
7.218349318170000362e-02 1.059808000000000083e+00 -1.499999261258999905e-01 1.991580407490000093e-01
1.137757282259999891e-01 1.059808000000000083e+00 -1.500000618287999909e-01 1.863891496610000087e-01
1.639950390619999976e-01 1.059808000000000083e+00 -1.499996639397999931e-01 1.755489121230000005e-01
2.217195150225999833e-01 1.059808000000000083e+00 -1.499999387358000036e-01 1.681272180210000022e-01
2.856611717572000164e-01 1.059808000000000083e+00 -1.499997405514000015e-01 1.625497596209999895e-01
3.543912358411999697e-01 1.059808000000000083e+00 -1.499997775503000008e-01 1.577529042699999939e-01
4.263730274622999916e-01 1.059808000000000083e+00 -1.499996572427000074e-01 1.525941561480000097e-01
4.999999052838000058e-01 1.059808000000000083e+00 -1.500001640532000191e-01 1.479780251770000110e-01
5.736272831053000898e-01 1.059808000000000083e+00 -1.499998048382999993e-01 1.439455868689999973e-01
6.456090747264999763e-01 1.059808000000000083e+00 -1.499996845307000060e-01 1.403550907359999989e-01
7.143386388105000817e-01 1.059808000000000083e+00 -1.500005875550000090e-01 1.375205600609999967e-01
7.782802955450999205e-01 1.059808000000000083e+00 -1.500003893706000069e-01 1.351351651079999994e-01
8.360052715056999206e-01 1.059808000000000083e+00 -1.499997981412000136e-01 1.324252087320000049e-01
8.862245823416998736e-01 1.059808000000000083e+00 -1.499994002522000158e-01 1.287939767850000139e-01
9.278163173860000112e-01 1.059808000000000083e+00 -1.500004019804999922e-01 1.241296931169999923e-01
9.598514601631998877e-01 1.059808000000000083e+00 -1.499999070627000275e-01 1.181550980460000094e-01
9.816139409483000122e-01 1.059808000000000083e+00 -1.500001846441000042e-01 1.136963898200000073e-01
9.926186630463998961e-01 1.059808000000000083e+00 -1.499994468471000097e-01 1.211138255199999958e-01
7.381647521316000646e-03 1.182889999999999997e+00 -1.500000152340000004e-01 2.434764999199999780e-01
1.838586961938000128e-02 1.182889999999999997e+00 -1.500001434622999785e-01 2.328468730719999991e-01
4.014835040451000120e-02 1.182889999999999997e+00 -1.500004210437999863e-01 2.156651475789999883e-01
7.218349318170000362e-02 1.182889999999999997e+00 -1.499999261258999905e-01 2.000306041000000090e-01
1.137757282259999891e-01 1.182889999999999997e+00 -1.500000618287999909e-01 1.850561669499999895e-01
1.639950390619999976e-01 1.182889999999999997e+00 -1.499996639397999931e-01 1.727112930349999909e-01
2.217195150225999833e-01 1.182889999999999997e+00 -1.499999387358000036e-01 1.646941583329999959e-01
2.856611717572000164e-01 1.182889999999999997e+00 -1.499997405514000015e-01 1.591552494069999879e-01
3.543912358411999697e-01 1.182889999999999997e+00 -1.499997775503000008e-01 1.543002149990000127e-01
4.263730274622999916e-01 1.182889999999999997e+00 -1.499996572427000074e-01 1.508244276969999964e-01
4.999999052838000058e-01 1.182889999999999997e+00 -1.500001640532000191e-01 1.473182171599999868e-01
5.736272831053000898e-01 1.182889999999999997e+00 -1.499998048382999993e-01 1.442782326119999847e-01
6.456090747264999763e-01 1.182889999999999997e+00 -1.499996845307000060e-01 1.417573771710000097e-01
7.143386388105000817e-01 1.182889999999999997e+00 -1.500005875550000090e-01 1.395671428299999905e-01
7.782802955450999205e-01 1.182889999999999997e+00 -1.500003893706000069e-01 1.373796138639999942e-01
8.360052715056999206e-01 1.182889999999999997e+00 -1.499997981412000136e-01 1.351463673330000059e-01
8.862245823416998736e-01 1.182889999999999997e+00 -1.499994002522000158e-01 1.321969151959999922e-01
9.278163173860000112e-01 1.182889999999999997e+00 -1.500004019804999922e-01 1.271243939579999871e-01
9.598514601631998877e-01 1.182889999999999997e+00 -1.499999070627000275e-01 1.210947094539999991e-01
9.816139409483000122e-01 1.182889999999999997e+00 -1.500001846441000042e-01 1.153472694390000053e-01
9.926186630463998961e-01 1.182889999999999997e+00 -1.499994468471000097e-01 1.225502986550000006e-01
7.381647521316000646e-03 1.299357000000000095e+00 -1.500000152340000004e-01 2.422825074280000046e-01
1.838586961938000128e-02 1.299357000000000095e+00 -1.500001434622999785e-01 2.343224029129999941e-01
4.014835040451000120e-02 1.299357000000000095e+00 -1.500004210437999863e-01 2.189409335080000074e-01
7.218349318170000362e-02 1.299357000000000095e+00 -1.499999261258999905e-01 2.031144622780000075e-01
1.137757282259999891e-01 1.299357000000000095e+00 -1.500000618287999909e-01 1.887709464779999957e-01
1.639950390619999976e-01 1.299357000000000095e+00 -1.499996639397999931e-01 1.781844618660000101e-01
2.217195150225999833e-01 1.299357000000000095e+00 -1.499999387358000036e-01 1.694956738349999992e-01
2.856611717572000164e-01 1.299357000000000095e+00 -1.499997405514000015e-01 1.634078697240000100e-01
3.543912358411999697e-01 1.299357000000000095e+00 -1.499997775503000008e-01 1.590825687790000109e-01
4.263730274622999916e-01 1.299357000000000095e+00 -1.499996572427000074e-01 1.546987367179999961e-01
4.999999052838000058e-01 1.299357000000000095e+00 -1.500001640532000191e-01 1.511435631120000012e-01
5.736272831053000898e-01 1.299357000000000095e+00 -1.499998048382999993e-01 1.474554710959999904e-01
6.456090747264999763e-01 1.299357000000000095e+00 -1.499996845307000060e-01 1.452984736919999964e-01
7.143386388105000817e-01 1.299357000000000095e+00 -1.500005875550000090e-01 1.428086046250000019e-01
7.782802955450999205e-01 1.299357000000000095e+00 -1.500003893706000069e-01 1.408014314730000049e-01
8.360052715056999206e-01 1.299357000000000095e+00 -1.499997981412000136e-01 1.385795518669999948e-01
8.862245823416998736e-01 1.299357000000000095e+00 -1.499994002522000158e-01 1.349317705519999799e-01
9.278163173860000112e-01 1.299357000000000095e+00 -1.500004019804999922e-01 1.296501551450000012e-01
9.598514601631998877e-01 1.299357000000000095e+00 -1.499999070627000275e-01 1.244995397469999959e-01
9.816139409483000122e-01 1.299357000000000095e+00 -1.500001846441000042e-01 1.158562214860000134e-01
9.926186630463998961e-01 1.299357000000000095e+00 -1.499994468471000097e-01 1.191204595009999895e-01
7.381647521316000646e-03 1.408557000000000059e+00 -1.500000152340000004e-01 2.412172506190000121e-01
1.838586961938000128e-02 1.408557000000000059e+00 -1.500001434622999785e-01 2.361428890280000137e-01
4.014835040451000120e-02 1.408557000000000059e+00 -1.500004210437999863e-01 2.245287294489999863e-01
7.218349318170000362e-02 1.408557000000000059e+00 -1.499999261258999905e-01 2.112452735289999939e-01
1.137757282259999891e-01 1.408557000000000059e+00 -1.500000618287999909e-01 1.960562362290000082e-01
1.639950390619999976e-01 1.408557000000000059e+00 -1.499996639397999931e-01 1.849076097269999885e-01
2.217195150225999833e-01 1.408557000000000059e+00 -1.499999387358000036e-01 1.770382756470000041e-01
2.856611717572000164e-01 1.408557000000000059e+00 -1.499997405514000015e-01 1.708991642240000053e-01
3.543912358411999697e-01 1.408557000000000059e+00 -1.499997775503000008e-01 1.656739556629999999e-01
4.263730274622999916e-01 1.408557000000000059e+00 -1.499996572427000074e-01 1.611699684089999973e-01
4.999999052838000058e-01 1.408557000000000059e+00 -1.500001640532000191e-01 1.576583738010000069e-01
5.736272831053000898e-01 1.408557000000000059e+00 -1.499998048382999993e-01 1.543202853410000075e-01
6.456090747264999763e-01 1.408557000000000059e+00 -1.499996845307000060e-01 1.516443882240000041e-01
7.143386388105000817e-01 1.408557000000000059e+00 -1.500005875550000090e-01 1.492326733950000150e-01
7.782802955450999205e-01 1.408557000000000059e+00 -1.500003893706000069e-01 1.465469597869999974e-01
8.360052715056999206e-01 1.408557000000000059e+00 -1.499997981412000136e-01 1.433740957599999866e-01
8.862245823416998736e-01 1.408557000000000059e+00 -1.499994002522000158e-01 1.401081555750000041e-01
9.278163173860000112e-01 1.408557000000000059e+00 -1.500004019804999922e-01 1.335524935179999984e-01
9.598514601631998877e-01 1.408557000000000059e+00 -1.499999070627000275e-01 1.264931375919999823e-01
9.816139409483000122e-01 1.408557000000000059e+00 -1.500001846441000042e-01 1.171761449699999930e-01
9.926186630463998961e-01 1.408557000000000059e+00 -1.499994468471000097e-01 1.196952262099999914e-01
7.381647521316000646e-03 1.509880000000000111e+00 -1.500000152340000004e-01 2.416819849480000004e-01
1.838586961938000128e-02 1.509880000000000111e+00 -1.500001434622999785e-01 2.395166834829999813e-01
4.014835040451000120e-02 1.509880000000000111e+00 -1.500004210437999863e-01 2.301970520770000028e-01
7.218349318170000362e-02 1.509880000000000111e+00 -1.499999261258999905e-01 2.168432294460000131e-01
1.137757282259999891e-01 1.509880000000000111e+00 -1.500000618287999909e-01 2.024531736789999814e-01
1.639950390619999976e-01 1.509880000000000111e+00 -1.499996639397999931e-01 1.911912312180000240e-01
2.217195150225999833e-01 1.509880000000000111e+00 -1.499999387358000036e-01 1.819168839909999780e-01
2.856611717572000164e-01 1.509880000000000111e+00 -1.499997405514000015e-01 1.753832573519999993e-01
3.543912358411999697e-01 1.509880000000000111e+00 -1.499997775503000008e-01 1.702127632629999998e-01
4.263730274622999916e-01 1.509880000000000111e+00 -1.499996572427000074e-01 1.653284338050000080e-01
4.999999052838000058e-01 1.509880000000000111e+00 -1.500001640532000191e-01 1.612537143860000022e-01
5.736272831053000898e-01 1.509880000000000111e+00 -1.499998048382999993e-01 1.572334287399999864e-01
6.456090747264999763e-01 1.509880000000000111e+00 -1.499996845307000060e-01 1.539403716480000073e-01
7.143386388105000817e-01 1.509880000000000111e+00 -1.500005875550000090e-01 1.511158696859999928e-01
7.782802955450999205e-01 1.509880000000000111e+00 -1.500003893706000069e-01 1.486722104140000000e-01
8.360052715056999206e-01 1.509880000000000111e+00 -1.499997981412000136e-01 1.457876313250000000e-01
8.862245823416998736e-01 1.509880000000000111e+00 -1.499994002522000158e-01 1.418886289540000067e-01
9.278163173860000112e-01 1.509880000000000111e+00 -1.500004019804999922e-01 1.346478283330000136e-01
9.598514601631998877e-01 1.509880000000000111e+00 -1.499999070627000275e-01 1.263987865020000101e-01
9.816139409483000122e-01 1.509880000000000111e+00 -1.500001846441000042e-01 1.146728563829999964e-01
9.926186630463998961e-01 1.509880000000000111e+00 -1.499994468471000097e-01 1.155687218519999976e-01
7.381647521316000646e-03 1.602759000000000045e+00 -1.500000152340000004e-01 2.442412477650000024e-01
1.838586961938000128e-02 1.602759000000000045e+00 -1.500001434622999785e-01 2.338982180209999984e-01
4.014835040451000120e-02 1.602759000000000045e+00 -1.500004210437999863e-01 2.248959107530000001e-01
7.218349318170000362e-02 1.602759000000000045e+00 -1.499999261258999905e-01 2.157413992609999998e-01
1.137757282259999891e-01 1.602759000000000045e+00 -1.500000618287999909e-01 2.041580779239999810e-01
1.639950390619999976e-01 1.602759000000000045e+00 -1.499996639397999931e-01 1.938936134039999926e-01
2.217195150225999833e-01 1.602759000000000045e+00 -1.499999387358000036e-01 1.852331899689999839e-01
2.856611717572000164e-01 1.602759000000000045e+00 -1.499997405514000015e-01 1.791466719739999991e-01
3.543912358411999697e-01 1.602759000000000045e+00 -1.499997775503000008e-01 1.731211181879999950e-01
4.263730274622999916e-01 1.602759000000000045e+00 -1.499996572427000074e-01 1.693212065820000056e-01
4.999999052838000058e-01 1.602759000000000045e+00 -1.500001640532000191e-01 1.655441905749999998e-01
5.736272831053000898e-01 1.602759000000000045e+00 -1.499998048382999993e-01 1.622105560590000051e-01
6.456090747264999763e-01 1.602759000000000045e+00 -1.499996845307000060e-01 1.590923119649999828e-01
7.143386388105000817e-01 1.602759000000000045e+00 -1.500005875550000090e-01 1.559250670160000074e-01
7.782802955450999205e-01 1.602759000000000045e+00 -1.500003893706000069e-01 1.531820993689999855e-01
8.360052715056999206e-01 1.602759000000000045e+00 -1.499997981412000136e-01 1.502638839680000005e-01
8.862245823416998736e-01 1.602759000000000045e+00 -1.499994002522000158e-01 1.458406607259999932e-01
9.278163173860000112e-01 1.602759000000000045e+00 -1.500004019804999922e-01 1.378995258680000002e-01
9.598514601631998877e-01 1.602759000000000045e+00 -1.499999070627000275e-01 1.292276606540000150e-01
9.816139409483000122e-01 1.602759000000000045e+00 -1.500001846441000042e-01 1.158869197919999983e-01
9.926186630463998961e-01 1.602759000000000045e+00 -1.499994468471000097e-01 1.192854196380000037e-01
7.381647521316000646e-03 1.686674999999999924e+00 -1.500000152340000004e-01 2.403351282519999854e-01
1.838586961938000128e-02 1.686674999999999924e+00 -1.500001434622999785e-01 2.349264041340000109e-01
4.014835040451000120e-02 1.686674999999999924e+00 -1.500004210437999863e-01 2.278881128730000094e-01
7.218349318170000362e-02 1.686674999999999924e+00 -1.499999261258999905e-01 2.180341637869999960e-01
1.137757282259999891e-01 1.686674999999999924e+00 -1.500000618287999909e-01 2.063335880150000134e-01
1.639950390619999976e-01 1.686674999999999924e+00 -1.499996639397999931e-01 1.959616895800000147e-01
2.217195150225999833e-01 1.686674999999999924e+00 -1.499999387358000036e-01 1.866458238280000181e-01
2.856611717572000164e-01 1.686674999999999924e+00 -1.499997405514000015e-01 1.808553786230000238e-01
3.543912358411999697e-01 1.686674999999999924e+00 -1.499997775503000008e-01 1.765890008900000141e-01
4.263730274622999916e-01 1.686674999999999924e+00 -1.499996572427000074e-01 1.723328201509999880e-01
4.999999052838000058e-01 1.686674999999999924e+00 -1.500001640532000191e-01 1.685001653090000273e-01
5.736272831053000898e-01 1.686674999999999924e+00 -1.499998048382999993e-01 1.659149724520000146e-01
6.456090747264999763e-01 1.686674999999999924e+00 -1.499996845307000060e-01 1.630982988699999914e-01
7.143386388105000817e-01 1.686674999999999924e+00 -1.500005875550000090e-01 1.608178794979999993e-01
7.782802955450999205e-01 1.686674999999999924e+00 -1.500003893706000069e-01 1.575669787010000045e-01
8.360052715056999206e-01 1.686674999999999924e+00 -1.499997981412000136e-01 1.543561021479999962e-01
8.862245823416998736e-01 1.686674999999999924e+00 -1.499994002522000158e-01 1.495697855739999971e-01
9.278163173860000112e-01 1.686674999999999924e+00 -1.500004019804999922e-01 1.419580648029999947e-01
9.598514601631998877e-01 1.686674999999999924e+00 -1.499999070627000275e-01 1.336616835999999975e-01
9.816139409483000122e-01 1.686674999999999924e+00 -1.500001846441000042e-01 1.176512552109999915e-01
9.926186630463998961e-01 1.686674999999999924e+00 -1.499994468471000097e-01 1.161300473509999931e-01
7.381647521316000646e-03 1.761158000000000001e+00 -1.500000152340000004e-01 2.393530397040000146e-01
1.838586961938000128e-02 1.761158000000000001e+00 -1.500001434622999785e-01 2.367602142780000085e-01
4.014835040451000120e-02 1.761158000000000001e+00 -1.500004210437999863e-01 2.286949625580000089e-01
7.218349318170000362e-02 1.761158000000000001e+00 -1.499999261258999905e-01 2.175348473750000067e-01
1.137757282259999891e-01 1.761158000000000001e+00 -1.500000618287999909e-01 2.053404500759999918e-01
1.639950390619999976e-01 1.761158000000000001e+00 -1.499996639397999931e-01 1.966270175539999721e-01
2.217195150225999833e-01 1.761158000000000001e+00 -1.499999387358000036e-01 1.888825313489999880e-01
2.856611717572000164e-01 1.761158000000000001e+00 -1.499997405514000015e-01 1.829199494929999725e-01
3.543912358411999697e-01 1.761158000000000001e+00 -1.499997775503000008e-01 1.790437513300000005e-01
4.263730274622999916e-01 1.761158000000000001e+00 -1.499996572427000074e-01 1.764824853320000053e-01
4.999999052838000058e-01 1.761158000000000001e+00 -1.500001640532000191e-01 1.727585910860000296e-01
5.736272831053000898e-01 1.761158000000000001e+00 -1.499998048382999993e-01 1.692164092389999985e-01
6.456090747264999763e-01 1.761158000000000001e+00 -1.499996845307000060e-01 1.673884287819999983e-01
7.143386388105000817e-01 1.761158000000000001e+00 -1.500005875550000090e-01 1.646348114310000055e-01
7.782802955450999205e-01 1.761158000000000001e+00 -1.500003893706000069e-01 1.630297161360000080e-01
8.360052715056999206e-01 1.761158000000000001e+00 -1.499997981412000136e-01 1.605869355969999912e-01
8.862245823416998736e-01 1.761158000000000001e+00 -1.499994002522000158e-01 1.558951131680000046e-01
9.278163173860000112e-01 1.761158000000000001e+00 -1.500004019804999922e-01 1.465194555360000150e-01
9.598514601631998877e-01 1.761158000000000001e+00 -1.499999070627000275e-01 1.362778183899999995e-01
9.816139409483000122e-01 1.761158000000000001e+00 -1.500001846441000042e-01 1.200777613089999973e-01
9.926186630463998961e-01 1.761158000000000001e+00 -1.499994468471000097e-01 1.170065644360000073e-01
7.381647521316000646e-03 1.825792000000000082e+00 -1.500000152340000004e-01 2.459338391299999982e-01
1.838586961938000128e-02 1.825792000000000082e+00 -1.500001434622999785e-01 2.396230940250000108e-01
4.014835040451000120e-02 1.825792000000000082e+00 -1.500004210437999863e-01 2.288319257970000131e-01
7.218349318170000362e-02 1.825792000000000082e+00 -1.499999261258999905e-01 2.191874387709999705e-01
1.137757282259999891e-01 1.825792000000000082e+00 -1.500000618287999909e-01 2.072281451969999744e-01
1.639950390619999976e-01 1.825792000000000082e+00 -1.499996639397999931e-01 1.972221602389999939e-01
2.217195150225999833e-01 1.825792000000000082e+00 -1.499999387358000036e-01 1.895705596020000050e-01
2.856611717572000164e-01 1.825792000000000082e+00 -1.499997405514000015e-01 1.842178632569999863e-01
3.543912358411999697e-01 1.825792000000000082e+00 -1.499997775503000008e-01 1.804403457660000154e-01
4.263730274622999916e-01 1.825792000000000082e+00 -1.499996572427000074e-01 1.779728570609999949e-01
4.999999052838000058e-01 1.825792000000000082e+00 -1.500001640532000191e-01 1.749723086420000018e-01
5.736272831053000898e-01 1.825792000000000082e+00 -1.499998048382999993e-01 1.726179236659999838e-01
6.456090747264999763e-01 1.825792000000000082e+00 -1.499996845307000060e-01 1.700981881109999982e-01
7.143386388105000817e-01 1.825792000000000082e+00 -1.500005875550000090e-01 1.684115680050000119e-01
7.782802955450999205e-01 1.825792000000000082e+00 -1.500003893706000069e-01 1.673320626249999998e-01
8.360052715056999206e-01 1.825792000000000082e+00 -1.499997981412000136e-01 1.658490652640000063e-01
8.862245823416998736e-01 1.825792000000000082e+00 -1.499994002522000158e-01 1.608210991139999990e-01
9.278163173860000112e-01 1.825792000000000082e+00 -1.500004019804999922e-01 1.528135927350000034e-01
9.598514601631998877e-01 1.825792000000000082e+00 -1.499999070627000275e-01 1.426296959520000074e-01
9.816139409483000122e-01 1.825792000000000082e+00 -1.500001846441000042e-01 1.230900095450000037e-01
9.926186630463998961e-01 1.825792000000000082e+00 -1.499994468471000097e-01 1.186056717110000047e-01
7.381647521316000646e-03 1.880216000000000109e+00 -1.500000152340000004e-01 2.476561894100000050e-01
1.838586961938000128e-02 1.880216000000000109e+00 -1.500001434622999785e-01 2.365926706269999846e-01
4.014835040451000120e-02 1.880216000000000109e+00 -1.500004210437999863e-01 2.331451436300000235e-01
7.218349318170000362e-02 1.880216000000000109e+00 -1.499999261258999905e-01 2.221895107350000120e-01
1.137757282259999891e-01 1.880216000000000109e+00 -1.500000618287999909e-01 2.107797599329999938e-01
1.639950390619999976e-01 1.880216000000000109e+00 -1.499996639397999931e-01 2.004030034600000065e-01
2.217195150225999833e-01 1.880216000000000109e+00 -1.499999387358000036e-01 1.912369664710000250e-01
2.856611717572000164e-01 1.880216000000000109e+00 -1.499997405514000015e-01 1.853874508720000092e-01
3.543912358411999697e-01 1.880216000000000109e+00 -1.499997775503000008e-01 1.818169958240000161e-01
4.263730274622999916e-01 1.880216000000000109e+00 -1.499996572427000074e-01 1.791851844090000256e-01
4.999999052838000058e-01 1.880216000000000109e+00 -1.500001640532000191e-01 1.765768424139999848e-01
5.736272831053000898e-01 1.880216000000000109e+00 -1.499998048382999993e-01 1.740981871489999944e-01
6.456090747264999763e-01 1.880216000000000109e+00 -1.499996845307000060e-01 1.718820686349999960e-01
7.143386388105000817e-01 1.880216000000000109e+00 -1.500005875550000090e-01 1.701190880629999957e-01
7.782802955450999205e-01 1.880216000000000109e+00 -1.500003893706000069e-01 1.686495961420000078e-01
8.360052715056999206e-01 1.880216000000000109e+00 -1.499997981412000136e-01 1.678245786129999861e-01
8.862245823416998736e-01 1.880216000000000109e+00 -1.499994002522000158e-01 1.647502803449999997e-01
9.278163173860000112e-01 1.880216000000000109e+00 -1.500004019804999922e-01 1.589953634990000086e-01
9.598514601631998877e-01 1.880216000000000109e+00 -1.499999070627000275e-01 1.481115336639999835e-01
9.816139409483000122e-01 1.880216000000000109e+00 -1.500001846441000042e-01 1.286464666450000127e-01
9.926186630463998961e-01 1.880216000000000109e+00 -1.499994468471000097e-01 1.221888207229999967e-01
7.381647521316000646e-03 1.924123999999999945e+00 -1.500000152340000004e-01 2.494986522199999779e-01
1.838586961938000128e-02 1.924123999999999945e+00 -1.500001434622999785e-01 2.441826180960000037e-01
4.014835040451000120e-02 1.924123999999999945e+00 -1.500004210437999863e-01 2.381347532199999950e-01
7.218349318170000362e-02 1.924123999999999945e+00 -1.499999261258999905e-01 2.246687909019999818e-01
1.137757282259999891e-01 1.924123999999999945e+00 -1.500000618287999909e-01 2.126775038250000027e-01
1.639950390619999976e-01 1.924123999999999945e+00 -1.499996639397999931e-01 2.012005679940000180e-01
2.217195150225999833e-01 1.924123999999999945e+00 -1.499999387358000036e-01 1.925658893130000049e-01
2.856611717572000164e-01 1.924123999999999945e+00 -1.499997405514000015e-01 1.864095730610000057e-01
3.543912358411999697e-01 1.924123999999999945e+00 -1.499997775503000008e-01 1.816429463639999964e-01
4.263730274622999916e-01 1.924123999999999945e+00 -1.499996572427000074e-01 1.792813264490000225e-01
4.999999052838000058e-01 1.924123999999999945e+00 -1.500001640532000191e-01 1.762753846959999871e-01
5.736272831053000898e-01 1.924123999999999945e+00 -1.499998048382999993e-01 1.730781528909999811e-01
6.456090747264999763e-01 1.924123999999999945e+00 -1.499996845307000060e-01 1.714977497159999864e-01
7.143386388105000817e-01 1.924123999999999945e+00 -1.500005875550000090e-01 1.695139775750000022e-01
7.782802955450999205e-01 1.924123999999999945e+00 -1.500003893706000069e-01 1.679506389260000121e-01
8.360052715056999206e-01 1.924123999999999945e+00 -1.499997981412000136e-01 1.679880888420000051e-01
8.862245823416998736e-01 1.924123999999999945e+00 -1.499994002522000158e-01 1.663249819210000091e-01
9.278163173860000112e-01 1.924123999999999945e+00 -1.500004019804999922e-01 1.615585350340000004e-01
9.598514601631998877e-01 1.924123999999999945e+00 -1.499999070627000275e-01 1.518946946639999906e-01
9.816139409483000122e-01 1.924123999999999945e+00 -1.500001846441000042e-01 1.347295029880000161e-01
9.926186630463998961e-01 1.924123999999999945e+00 -1.499994468471000097e-01 1.279586471170000017e-01
7.381647521316000646e-03 1.957271999999999901e+00 -1.500000152340000004e-01 2.658959338230000302e-01
1.838586961938000128e-02 1.957271999999999901e+00 -1.500001434622999785e-01 2.600934407359999923e-01
4.014835040451000120e-02 1.957271999999999901e+00 -1.500004210437999863e-01 2.445379609420000044e-01
7.218349318170000362e-02 1.957271999999999901e+00 -1.499999261258999905e-01 2.283023866629999843e-01
1.137757282259999891e-01 1.957271999999999901e+00 -1.500000618287999909e-01 2.140663553709999944e-01
1.639950390619999976e-01 1.957271999999999901e+00 -1.499996639397999931e-01 2.003816532669999706e-01
2.217195150225999833e-01 1.957271999999999901e+00 -1.499999387358000036e-01 1.922505092920000214e-01
2.856611717572000164e-01 1.957271999999999901e+00 -1.499997405514000015e-01 1.849234621370000053e-01
3.543912358411999697e-01 1.957271999999999901e+00 -1.499997775503000008e-01 1.814038032779999865e-01
4.263730274622999916e-01 1.957271999999999901e+00 -1.499996572427000074e-01 1.767904532079999924e-01
4.999999052838000058e-01 1.957271999999999901e+00 -1.500001640532000191e-01 1.735233235939999952e-01
5.736272831053000898e-01 1.957271999999999901e+00 -1.499998048382999993e-01 1.693122468699999883e-01
6.456090747264999763e-01 1.957271999999999901e+00 -1.499996845307000060e-01 1.673337168980000011e-01
7.143386388105000817e-01 1.957271999999999901e+00 -1.500005875550000090e-01 1.644341791299999966e-01
7.782802955450999205e-01 1.957271999999999901e+00 -1.500003893706000069e-01 1.628148197550000065e-01
8.360052715056999206e-01 1.957271999999999901e+00 -1.499997981412000136e-01 1.632226521890000059e-01
8.862245823416998736e-01 1.957271999999999901e+00 -1.499994002522000158e-01 1.625382211790000198e-01
9.278163173860000112e-01 1.957271999999999901e+00 -1.500004019804999922e-01 1.596094668399999916e-01
9.598514601631998877e-01 1.957271999999999901e+00 -1.499999070627000275e-01 1.543321187460000021e-01
9.816139409483000122e-01 1.957271999999999901e+00 -1.500001846441000042e-01 1.402284619920000086e-01
9.926186630463998961e-01 1.957271999999999901e+00 -1.499994468471000097e-01 1.359018708630000127e-01
7.381647521316000646e-03 1.979475000000000096e+00 -1.500000152340000004e-01 2.437332050450000120e-01
1.838586961938000128e-02 1.979475000000000096e+00 -1.500001434622999785e-01 2.552985895459999877e-01
4.014835040451000120e-02 1.979475000000000096e+00 -1.500004210437999863e-01 2.532246585729999722e-01
7.218349318170000362e-02 1.979475000000000096e+00 -1.499999261258999905e-01 2.353955603620000170e-01
1.137757282259999891e-01 1.979475000000000096e+00 -1.500000618287999909e-01 2.249295584969999984e-01
1.639950390619999976e-01 1.979475000000000096e+00 -1.499996639397999931e-01 2.069921872140000063e-01
2.217195150225999833e-01 1.979475000000000096e+00 -1.499999387358000036e-01 1.974288551480000153e-01
2.856611717572000164e-01 1.979475000000000096e+00 -1.499997405514000015e-01 1.858494235420000140e-01
3.543912358411999697e-01 1.979475000000000096e+00 -1.499997775503000008e-01 1.797868292220000108e-01
4.263730274622999916e-01 1.979475000000000096e+00 -1.499996572427000074e-01 1.756800428220000043e-01
4.999999052838000058e-01 1.979475000000000096e+00 -1.500001640532000191e-01 1.697131257409999761e-01
5.736272831053000898e-01 1.979475000000000096e+00 -1.499998048382999993e-01 1.643757963409999967e-01
6.456090747264999763e-01 1.979475000000000096e+00 -1.499996845307000060e-01 1.585004106979999994e-01
7.143386388105000817e-01 1.979475000000000096e+00 -1.500005875550000090e-01 1.565165232190000033e-01
7.782802955450999205e-01 1.979475000000000096e+00 -1.500003893706000069e-01 1.556802566580000047e-01
8.360052715056999206e-01 1.979475000000000096e+00 -1.499997981412000136e-01 1.532384640499999950e-01
8.862245823416998736e-01 1.979475000000000096e+00 -1.499994002522000158e-01 1.537295867500000079e-01
9.278163173860000112e-01 1.979475000000000096e+00 -1.500004019804999922e-01 1.542761969510000053e-01
9.598514601631998877e-01 1.979475000000000096e+00 -1.499999070627000275e-01 1.553800027639999914e-01
9.816139409483000122e-01 1.979475000000000096e+00 -1.500001846441000042e-01 1.468076833549999960e-01
9.926186630463998961e-01 1.979475000000000096e+00 -1.499994468471000097e-01 1.448525944069999905e-01
7.381647521316000646e-03 1.990607000000000015e+00 -1.500000152340000004e-01 2.535022549150000026e-01
1.838586961938000128e-02 1.990607000000000015e+00 -1.500001434622999785e-01 2.699197737240000006e-01
4.014835040451000120e-02 1.990607000000000015e+00 -1.500004210437999863e-01 2.683171568019999675e-01
7.218349318170000362e-02 1.990607000000000015e+00 -1.499999261258999905e-01 2.648092533999999998e-01
1.137757282259999891e-01 1.990607000000000015e+00 -1.500000618287999909e-01 2.443155050270000017e-01
1.639950390619999976e-01 1.990607000000000015e+00 -1.499996639397999931e-01 2.267036368329999885e-01
2.217195150225999833e-01 1.990607000000000015e+00 -1.499999387358000036e-01 2.120416451110000156e-01
2.856611717572000164e-01 1.990607000000000015e+00 -1.499997405514000015e-01 1.971490151779999866e-01
3.543912358411999697e-01 1.990607000000000015e+00 -1.499997775503000008e-01 1.912365119750000231e-01
4.263730274622999916e-01 1.990607000000000015e+00 -1.499996572427000074e-01 1.812937750660000014e-01
4.999999052838000058e-01 1.990607000000000015e+00 -1.500001640532000191e-01 1.807990156819999916e-01
5.736272831053000898e-01 1.990607000000000015e+00 -1.499998048382999993e-01 1.647693100050000026e-01
6.456090747264999763e-01 1.990607000000000015e+00 -1.499996845307000060e-01 1.620699808609999959e-01
7.143386388105000817e-01 1.990607000000000015e+00 -1.500005875550000090e-01 1.549967151689999878e-01
7.782802955450999205e-01 1.990607000000000015e+00 -1.500003893706000069e-01 1.537682870029999926e-01
8.360052715056999206e-01 1.990607000000000015e+00 -1.499997981412000136e-01 1.536597622460000034e-01
8.862245823416998736e-01 1.990607000000000015e+00 -1.499994002522000158e-01 1.542099822799999909e-01
9.278163173860000112e-01 1.990607000000000015e+00 -1.500004019804999922e-01 1.550880214670000146e-01
9.598514601631998877e-01 1.990607000000000015e+00 -1.499999070627000275e-01 1.670855698189999961e-01
9.816139409483000122e-01 1.990607000000000015e+00 -1.500001846441000042e-01 1.576117120050000153e-01
9.926186630463998961e-01 1.990607000000000015e+00 -1.499994468471000097e-01 1.512298804830000121e-01
