# x                 y                 z                 tapCode
0.000000000000    0.074483000000    -0.145752000000    101
0.000000000000    0.074483000000    -0.128172000000    102
0.000000000000    0.074483000000    -0.095133000000    103
0.000000000000    0.074483000000    -0.050619000000    104
0.000000000000    0.074483000000    0.000000000000    105
0.000000000000    0.074483000000    0.050619000000    106
0.000000000000    0.074483000000    0.095133000000    107
0.000000000000    0.074483000000    0.128172000000    108
0.000000000000    0.074483000000    0.145752000000    109
0.000000000000    0.223033000000    -0.145752000000    201
0.000000000000    0.223033000000    -0.128172000000    202
0.000000000000    0.223033000000    -0.095133000000    203
0.000000000000    0.223033000000    -0.050619000000    204
0.000000000000    0.223033000000    0.000000000000    205
0.000000000000    0.223033000000    0.050619000000    206
0.000000000000    0.223033000000    0.095133000000    207
0.000000000000    0.223033000000    0.128172000000    208
0.000000000000    0.223033000000    0.145752000000    209
0.000000000000    0.370336000000    -0.145752000000    301
0.000000000000    0.370336000000    -0.128172000000    302
0.000000000000    0.370336000000    -0.095133000000    303
0.000000000000    0.370336000000    -0.050619000000    304
0.000000000000    0.370336000000    0.000000000000    305
0.000000000000    0.370336000000    0.050619000000    306
0.000000000000    0.370336000000    0.095133000000    307
0.000000000000    0.370336000000    0.128172000000    308
0.000000000000    0.370336000000    0.145752000000    309
0.000000000000    0.515568000000    -0.145752000000    401
0.000000000000    0.515568000000    -0.128172000000    402
0.000000000000    0.515568000000    -0.095133000000    403
0.000000000000    0.515568000000    -0.050619000000    404
0.000000000000    0.515568000000    0.000000000000    405
0.000000000000    0.515568000000    0.050619000000    406
0.000000000000    0.515568000000    0.095133000000    407
0.000000000000    0.515568000000    0.128172000000    408
0.000000000000    0.515568000000    0.145752000000    409
0.000000000000    0.657916000000    -0.145752000000    501
0.000000000000    0.657916000000    -0.128172000000    502
0.000000000000    0.657916000000    -0.095133000000    503
0.000000000000    0.657916000000    -0.050619000000    504
0.000000000000    0.657916000000    0.000000000000    505
0.000000000000    0.657916000000    0.050619000000    506
0.000000000000    0.657916000000    0.095133000000    507
0.000000000000    0.657916000000    0.128172000000    508
0.000000000000    0.657916000000    0.145752000000    509
0.000000000000    0.796585000000    -0.145752000000    601
0.000000000000    0.796585000000    -0.128172000000    602
0.000000000000    0.796585000000    -0.095133000000    603
0.000000000000    0.796585000000    -0.050619000000    604
0.000000000000    0.796585000000    0.000000000000    605
0.000000000000    0.796585000000    0.050619000000    606
0.000000000000    0.796585000000    0.095133000000    607
0.000000000000    0.796585000000    0.128172000000    608
0.000000000000    0.796585000000    0.145752000000    609
0.000000000000    0.930799000000    -0.145752000000    701
0.000000000000    0.930799000000    -0.128172000000    702
0.000000000000    0.930799000000    -0.095133000000    703
0.000000000000    0.930799000000    -0.050619000000    704
0.000000000000    0.930799000000    0.000000000000    705
0.000000000000    0.930799000000    0.050619000000    706
0.000000000000    0.930799000000    0.095133000000    707
0.000000000000    0.930799000000    0.128172000000    708
0.000000000000    0.930799000000    0.145752000000    709
0.000000000000    1.059808000000    -0.145752000000    801
0.000000000000    1.059808000000    -0.128172000000    802
0.000000000000    1.059808000000    -0.095133000000    803
0.000000000000    1.059808000000    -0.050619000000    804
0.000000000000    1.059808000000    0.000000000000    805
0.000000000000    1.059808000000    0.050619000000    806
0.000000000000    1.059808000000    0.095133000000    807
0.000000000000    1.059808000000    0.128172000000    808
0.000000000000    1.059808000000    0.145752000000    809
0.000000000000    1.182890000000    -0.145752000000    901
0.000000000000    1.182890000000    -0.128172000000    902
0.000000000000    1.182890000000    -0.095133000000    903
0.000000000000    1.182890000000    -0.050619000000    904
0.000000000000    1.182890000000    0.000000000000    905
0.000000000000    1.182890000000    0.050619000000    906
0.000000000000    1.182890000000    0.095133000000    907
0.000000000000    1.182890000000    0.128172000000    908
0.000000000000    1.182890000000    0.145752000000    909
0.000000000000    1.299357000000    -0.145752000000    1001
0.000000000000    1.299357000000    -0.128172000000    1002
0.000000000000    1.299357000000    -0.095133000000    1003
0.000000000000    1.299357000000    -0.050619000000    1004
0.000000000000    1.299357000000    0.000000000000    1005
0.000000000000    1.299357000000    0.050619000000    1006
0.000000000000    1.299357000000    0.095133000000    1007
0.000000000000    1.299357000000    0.128172000000    1008
0.000000000000    1.299357000000    0.145752000000    1009
0.000000000000    1.408557000000    -0.145752000000    1101
0.000000000000    1.408557000000    -0.128172000000    1102
0.000000000000    1.408557000000    -0.095133000000    1103
0.000000000000    1.408557000000    -0.050619000000    1104
0.000000000000    1.408557000000    0.000000000000    1105
0.000000000000    1.408557000000    0.050619000000    1106
0.000000000000    1.408557000000    0.095133000000    1107
0.000000000000    1.408557000000    0.128172000000    1108
0.000000000000    1.408557000000    0.145752000000    1109
0.000000000000    1.509880000000    -0.145752000000    1201
0.000000000000    1.509880000000    -0.128172000000    1202
0.000000000000    1.509880000000    -0.095133000000    1203
0.000000000000    1.509880000000    -0.050619000000    1204
0.000000000000    1.509880000000    0.000000000000    1205
0.000000000000    1.509880000000    0.050619000000    1206
0.000000000000    1.509880000000    0.095133000000    1207
0.000000000000    1.509880000000    0.128172000000    1208
0.000000000000    1.509880000000    0.145752000000    1209
0.000000000000    1.602759000000    -0.145752000000    1301
0.000000000000    1.602759000000    -0.128172000000    1302
0.000000000000    1.602759000000    -0.095133000000    1303
0.000000000000    1.602759000000    -0.050619000000    1304
0.000000000000    1.602759000000    0.000000000000    1305
0.000000000000    1.602759000000    0.050619000000    1306
0.000000000000    1.602759000000    0.095133000000    1307
0.000000000000    1.602759000000    0.128172000000    1308
0.000000000000    1.602759000000    0.145752000000    1309
0.000000000000    1.686675000000    -0.145752000000    1401
0.000000000000    1.686675000000    -0.128172000000    1402
0.000000000000    1.686675000000    -0.095133000000    1403
0.000000000000    1.686675000000    -0.050619000000    1404
0.000000000000    1.686675000000    0.000000000000    1405
0.000000000000    1.686675000000    0.050619000000    1406
0.000000000000    1.686675000000    0.095133000000    1407
0.000000000000    1.686675000000    0.128172000000    1408
0.000000000000    1.686675000000    0.145752000000    1409
0.000000000000    1.761158000000    -0.145752000000    1501
0.000000000000    1.761158000000    -0.128172000000    1502
0.000000000000    1.761158000000    -0.095133000000    1503
0.000000000000    1.761158000000    -0.050619000000    1504
0.000000000000    1.761158000000    0.000000000000    1505
0.000000000000    1.761158000000    0.050619000000    1506
0.000000000000    1.761158000000    0.095133000000    1507
0.000000000000    1.761158000000    0.128172000000    1508
0.000000000000    1.761158000000    0.145752000000    1509
0.000000000000    1.825792000000    -0.145752000000    1601
0.000000000000    1.825792000000    -0.128172000000    1602
0.000000000000    1.825792000000    -0.095133000000    1603
0.000000000000    1.825792000000    -0.050619000000    1604
0.000000000000    1.825792000000    0.000000000000    1605
0.000000000000    1.825792000000    0.050619000000    1606
0.000000000000    1.825792000000    0.095133000000    1607
0.000000000000    1.825792000000    0.128172000000    1608
0.000000000000    1.825792000000    0.145752000000    1609
0.000000000000    1.880216000000    -0.145752000000    1701
0.000000000000    1.880216000000    -0.128172000000    1702
0.000000000000    1.880216000000    -0.095133000000    1703
0.000000000000    1.880216000000    -0.050619000000    1704
0.000000000000    1.880216000000    0.000000000000    1705
0.000000000000    1.880216000000    0.050619000000    1706
0.000000000000    1.880216000000    0.095133000000    1707
0.000000000000    1.880216000000    0.128172000000    1708
0.000000000000    1.880216000000    0.145752000000    1709
0.000000000000    1.924124000000    -0.145752000000    1801
0.000000000000    1.924124000000    -0.128172000000    1802
0.000000000000    1.924124000000    -0.095133000000    1803
0.000000000000    1.924124000000    -0.050619000000    1804
0.000000000000    1.924124000000    0.000000000000    1805
0.000000000000    1.924124000000    0.050619000000    1806
0.000000000000    1.924124000000    0.095133000000    1807
0.000000000000    1.924124000000    0.128172000000    1808
0.000000000000    1.924124000000    0.145752000000    1809
0.000000000000    1.957272000000    -0.145752000000    1901
0.000000000000    1.957272000000    -0.128172000000    1902
0.000000000000    1.957272000000    -0.095133000000    1903
0.000000000000    1.957272000000    -0.050619000000    1904
0.000000000000    1.957272000000    0.000000000000    1905
0.000000000000    1.957272000000    0.050619000000    1906
0.000000000000    1.957272000000    0.095133000000    1907
0.000000000000    1.957272000000    0.128172000000    1908
0.000000000000    1.957272000000    0.145752000000    1909
0.000000000000    1.979475000000    -0.145752000000    2001
0.000000000000    1.979475000000    -0.128172000000    2002
0.000000000000    1.979475000000    -0.095133000000    2003
0.000000000000    1.979475000000    -0.050619000000    2004
0.000000000000    1.979475000000    0.000000000000    2005
0.000000000000    1.979475000000    0.050619000000    2006
0.000000000000    1.979475000000    0.095133000000    2007
0.000000000000    1.979475000000    0.128172000000    2008
0.000000000000    1.979475000000    0.145752000000    2009
0.000000000000    1.990607000000    -0.145752000000    2101
0.000000000000    1.990607000000    -0.128172000000    2102
0.000000000000    1.990607000000    -0.095133000000    2103
0.000000000000    1.990607000000    -0.050619000000    2104
0.000000000000    1.990607000000    0.000000000000    2105
0.000000000000    1.990607000000    0.050619000000    2106
0.000000000000    1.990607000000    0.095133000000    2107
0.000000000000    1.990607000000    0.128172000000    2108
0.000000000000    1.990607000000    0.145752000000    2109
