189 points
    0.000000    0.074483    -0.145752
    0.000000    0.074483    -0.128172
    0.000000    0.074483    -0.095133
    0.000000    0.074483    -0.050619
    0.000000    0.074483    0.000000
    0.000000    0.074483    0.050619
    0.000000    0.074483    0.095133
    0.000000    0.074483    0.128172
    0.000000    0.074483    0.145752
    0.000000    0.223033    -0.145752
    0.000000    0.223033    -0.128172
    0.000000    0.223033    -0.095133
    0.000000    0.223033    -0.050619
    0.000000    0.223033    0.000000
    0.000000    0.223033    0.050619
    0.000000    0.223033    0.095133
    0.000000    0.223033    0.128172
    0.000000    0.223033    0.145752
    0.000000    0.370336    -0.145752
    0.000000    0.370336    -0.128172
    0.000000    0.370336    -0.095133
    0.000000    0.370336    -0.050619
    0.000000    0.370336    0.000000
    0.000000    0.370336    0.050619
    0.000000    0.370336    0.095133
    0.000000    0.370336    0.128172
    0.000000    0.370336    0.145752
    0.000000    0.515568    -0.145752
    0.000000    0.515568    -0.128172
    0.000000    0.515568    -0.095133
    0.000000    0.515568    -0.050619
    0.000000    0.515568    0.000000
    0.000000    0.515568    0.050619
    0.000000    0.515568    0.095133
    0.000000    0.515568    0.128172
    0.000000    0.515568    0.145752
    0.000000    0.657916    -0.145752
    0.000000    0.657916    -0.128172
    0.000000    0.657916    -0.095133
    0.000000    0.657916    -0.050619
    0.000000    0.657916    0.000000
    0.000000    0.657916    0.050619
    0.000000    0.657916    0.095133
    0.000000    0.657916    0.128172
    0.000000    0.657916    0.145752
    0.000000    0.796585    -0.145752
    0.000000    0.796585    -0.128172
    0.000000    0.796585    -0.095133
    0.000000    0.796585    -0.050619
    0.000000    0.796585    0.000000
    0.000000    0.796585    0.050619
    0.000000    0.796585    0.095133
    0.000000    0.796585    0.128172
    0.000000    0.796585    0.145752
    0.000000    0.930799    -0.145752
    0.000000    0.930799    -0.128172
    0.000000    0.930799    -0.095133
    0.000000    0.930799    -0.050619
    0.000000    0.930799    0.000000
    0.000000    0.930799    0.050619
    0.000000    0.930799    0.095133
    0.000000    0.930799    0.128172
    0.000000    0.930799    0.145752
    0.000000    1.059808    -0.145752
    0.000000    1.059808    -0.128172
    0.000000    1.059808    -0.095133
    0.000000    1.059808    -0.050619
    0.000000    1.059808    0.000000
    0.000000    1.059808    0.050619
    0.000000    1.059808    0.095133
    0.000000    1.059808    0.128172
    0.000000    1.059808    0.145752
    0.000000    1.182890    -0.145752
    0.000000    1.182890    -0.128172
    0.000000    1.182890    -0.095133
    0.000000    1.182890    -0.050619
    0.000000    1.182890    0.000000
    0.000000    1.182890    0.050619
    0.000000    1.182890    0.095133
    0.000000    1.182890    0.128172
    0.000000    1.182890    0.145752
    0.000000    1.299357    -0.145752
    0.000000    1.299357    -0.128172
    0.000000    1.299357    -0.095133
    0.000000    1.299357    -0.050619
    0.000000    1.299357    0.000000
    0.000000    1.299357    0.050619
    0.000000    1.299357    0.095133
    0.000000    1.299357    0.128172
    0.000000    1.299357    0.145752
    0.000000    1.408557    -0.145752
    0.000000    1.408557    -0.128172
    0.000000    1.408557    -0.095133
    0.000000    1.408557    -0.050619
    0.000000    1.408557    0.000000
    0.000000    1.408557    0.050619
    0.000000    1.408557    0.095133
    0.000000    1.408557    0.128172
    0.000000    1.408557    0.145752
    0.000000    1.509880    -0.145752
    0.000000    1.509880    -0.128172
    0.000000    1.509880    -0.095133
    0.000000    1.509880    -0.050619
    0.000000    1.509880    0.000000
    0.000000    1.509880    0.050619
    0.000000    1.509880    0.095133
    0.000000    1.509880    0.128172
    0.000000    1.509880    0.145752
    0.000000    1.602759    -0.145752
    0.000000    1.602759    -0.128172
    0.000000    1.602759    -0.095133
    0.000000    1.602759    -0.050619
    0.000000    1.602759    0.000000
    0.000000    1.602759    0.050619
    0.000000    1.602759    0.095133
    0.000000    1.602759    0.128172
    0.000000    1.602759    0.145752
    0.000000    1.686675    -0.145752
    0.000000    1.686675    -0.128172
    0.000000    1.686675    -0.095133
    0.000000    1.686675    -0.050619
    0.000000    1.686675    0.000000
    0.000000    1.686675    0.050619
    0.000000    1.686675    0.095133
    0.000000    1.686675    0.128172
    0.000000    1.686675    0.145752
    0.000000    1.761158    -0.145752
    0.000000    1.761158    -0.128172
    0.000000    1.761158    -0.095133
    0.000000    1.761158    -0.050619
    0.000000    1.761158    0.000000
    0.000000    1.761158    0.050619
    0.000000    1.761158    0.095133
    0.000000    1.761158    0.128172
    0.000000    1.761158    0.145752
    0.000000    1.825792    -0.145752
    0.000000    1.825792    -0.128172
    0.000000    1.825792    -0.095133
    0.000000    1.825792    -0.050619
    0.000000    1.825792    0.000000
    0.000000    1.825792    0.050619
    0.000000    1.825792    0.095133
    0.000000    1.825792    0.128172
    0.000000    1.825792    0.145752
    0.000000    1.880216    -0.145752
    0.000000    1.880216    -0.128172
    0.000000    1.880216    -0.095133
    0.000000    1.880216    -0.050619
    0.000000    1.880216    0.000000
    0.000000    1.880216    0.050619
    0.000000    1.880216    0.095133
    0.000000    1.880216    0.128172
    0.000000    1.880216    0.145752
    0.000000    1.924124    -0.145752
    0.000000    1.924124    -0.128172
    0.000000    1.924124    -0.095133
    0.000000    1.924124    -0.050619
    0.000000    1.924124    0.000000
    0.000000    1.924124    0.050619
    0.000000    1.924124    0.095133
    0.000000    1.924124    0.128172
    0.000000    1.924124    0.145752
    0.000000    1.957272    -0.145752
    0.000000    1.957272    -0.128172
    0.000000    1.957272    -0.095133
    0.000000    1.957272    -0.050619
    0.000000    1.957272    0.000000
    0.000000    1.957272    0.050619
    0.000000    1.957272    0.095133
    0.000000    1.957272    0.128172
    0.000000    1.957272    0.145752
    0.000000    1.979475    -0.145752
    0.000000    1.979475    -0.128172
    0.000000    1.979475    -0.095133
    0.000000    1.979475    -0.050619
    0.000000    1.979475    0.000000
    0.000000    1.979475    0.050619
    0.000000    1.979475    0.095133
    0.000000    1.979475    0.128172
    0.000000    1.979475    0.145752
    0.000000    1.990607    -0.145752
    0.000000    1.990607    -0.128172
    0.000000    1.990607    -0.095133
    0.000000    1.990607    -0.050619
    0.000000    1.990607    0.000000
    0.000000    1.990607    0.050619
    0.000000    1.990607    0.095133
    0.000000    1.990607    0.128172
    0.000000    1.990607    0.145752
