# x                 y                 z                 tapCode
0.007381000000    0.074483000000    0.150000000000    101
0.018386000000    0.074483000000    0.150000000000    102
0.040148000000    0.074483000000    0.150000000000    103
0.072183000000    0.074483000000    0.150000000000    104
0.113775000000    0.074483000000    0.150000000000    105
0.163995000000    0.074483000000    0.150000000000    106
0.221720000000    0.074483000000    0.150000000000    107
0.285661000000    0.074483000000    0.150000000000    108
0.354391000000    0.074483000000    0.150000000000    109
0.426373000000    0.074483000000    0.150000000000    110
0.500000000000    0.074483000000    0.150000000000    111
0.573627000000    0.074483000000    0.150000000000    112
0.645609000000    0.074483000000    0.150000000000    113
0.714339000000    0.074483000000    0.150000000000    114
0.778280000000    0.074483000000    0.150000000000    115
0.836005000000    0.074483000000    0.150000000000    116
0.886225000000    0.074483000000    0.150000000000    117
0.927817000000    0.074483000000    0.150000000000    118
0.959852000000    0.074483000000    0.150000000000    119
0.981614000000    0.074483000000    0.150000000000    120
0.992619000000    0.074483000000    0.150000000000    121
0.007381000000    0.223033000000    0.150000000000    201
0.018386000000    0.223033000000    0.150000000000    202
0.040148000000    0.223033000000    0.150000000000    203
0.072183000000    0.223033000000    0.150000000000    204
0.113775000000    0.223033000000    0.150000000000    205
0.163995000000    0.223033000000    0.150000000000    206
0.221720000000    0.223033000000    0.150000000000    207
0.285661000000    0.223033000000    0.150000000000    208
0.354391000000    0.223033000000    0.150000000000    209
0.426373000000    0.223033000000    0.150000000000    210
0.500000000000    0.223033000000    0.150000000000    211
0.573627000000    0.223033000000    0.150000000000    212
0.645609000000    0.223033000000    0.150000000000    213
0.714339000000    0.223033000000    0.150000000000    214
0.778280000000    0.223033000000    0.150000000000    215
0.836005000000    0.223033000000    0.150000000000    216
0.886225000000    0.223033000000    0.150000000000    217
0.927817000000    0.223033000000    0.150000000000    218
0.959852000000    0.223033000000    0.150000000000    219
0.981614000000    0.223033000000    0.150000000000    220
0.992619000000    0.223033000000    0.150000000000    221
0.007381000000    0.370336000000    0.150000000000    301
0.018386000000    0.370336000000    0.150000000000    302
0.040148000000    0.370336000000    0.150000000000    303
0.072183000000    0.370336000000    0.150000000000    304
0.113775000000    0.370336000000    0.150000000000    305
0.163995000000    0.370336000000    0.150000000000    306
0.221720000000    0.370336000000    0.150000000000    307
0.285661000000    0.370336000000    0.150000000000    308
0.354391000000    0.370336000000    0.150000000000    309
0.426373000000    0.370336000000    0.150000000000    310
0.500000000000    0.370336000000    0.150000000000    311
0.573627000000    0.370336000000    0.150000000000    312
0.645609000000    0.370336000000    0.150000000000    313
0.714339000000    0.370336000000    0.150000000000    314
0.778280000000    0.370336000000    0.150000000000    315
0.836005000000    0.370336000000    0.150000000000    316
0.886225000000    0.370336000000    0.150000000000    317
0.927817000000    0.370336000000    0.150000000000    318
0.959852000000    0.370336000000    0.150000000000    319
0.981614000000    0.370336000000    0.150000000000    320
0.992619000000    0.370336000000    0.150000000000    321
0.007381000000    0.515568000000    0.150000000000    401
0.018386000000    0.515568000000    0.150000000000    402
0.040148000000    0.515568000000    0.150000000000    403
0.072183000000    0.515568000000    0.150000000000    404
0.113775000000    0.515568000000    0.150000000000    405
0.163995000000    0.515568000000    0.150000000000    406
0.221720000000    0.515568000000    0.150000000000    407
0.285661000000    0.515568000000    0.150000000000    408
0.354391000000    0.515568000000    0.150000000000    409
0.426373000000    0.515568000000    0.150000000000    410
0.500000000000    0.515568000000    0.150000000000    411
0.573627000000    0.515568000000    0.150000000000    412
0.645609000000    0.515568000000    0.150000000000    413
0.714339000000    0.515568000000    0.150000000000    414
0.778280000000    0.515568000000    0.150000000000    415
0.836005000000    0.515568000000    0.150000000000    416
0.886225000000    0.515568000000    0.150000000000    417
0.927817000000    0.515568000000    0.150000000000    418
0.959852000000    0.515568000000    0.150000000000    419
0.981614000000    0.515568000000    0.150000000000    420
0.992619000000    0.515568000000    0.150000000000    421
0.007381000000    0.657916000000    0.150000000000    501
0.018386000000    0.657916000000    0.150000000000    502
0.040148000000    0.657916000000    0.150000000000    503
0.072183000000    0.657916000000    0.150000000000    504
0.113775000000    0.657916000000    0.150000000000    505
0.163995000000    0.657916000000    0.150000000000    506
0.221720000000    0.657916000000    0.150000000000    507
0.285661000000    0.657916000000    0.150000000000    508
0.354391000000    0.657916000000    0.150000000000    509
0.426373000000    0.657916000000    0.150000000000    510
0.500000000000    0.657916000000    0.150000000000    511
0.573627000000    0.657916000000    0.150000000000    512
0.645609000000    0.657916000000    0.150000000000    513
0.714339000000    0.657916000000    0.150000000000    514
0.778280000000    0.657916000000    0.150000000000    515
0.836005000000    0.657916000000    0.150000000000    516
0.886225000000    0.657916000000    0.150000000000    517
0.927817000000    0.657916000000    0.150000000000    518
0.959852000000    0.657916000000    0.150000000000    519
0.981614000000    0.657916000000    0.150000000000    520
0.992619000000    0.657916000000    0.150000000000    521
0.007381000000    0.796585000000    0.150000000000    601
0.018386000000    0.796585000000    0.150000000000    602
0.040148000000    0.796585000000    0.150000000000    603
0.072183000000    0.796585000000    0.150000000000    604
0.113775000000    0.796585000000    0.150000000000    605
0.163995000000    0.796585000000    0.150000000000    606
0.221720000000    0.796585000000    0.150000000000    607
0.285661000000    0.796585000000    0.150000000000    608
0.354391000000    0.796585000000    0.150000000000    609
0.426373000000    0.796585000000    0.150000000000    610
0.500000000000    0.796585000000    0.150000000000    611
0.573627000000    0.796585000000    0.150000000000    612
0.645609000000    0.796585000000    0.150000000000    613
0.714339000000    0.796585000000    0.150000000000    614
0.778280000000    0.796585000000    0.150000000000    615
0.836005000000    0.796585000000    0.150000000000    616
0.886225000000    0.796585000000    0.150000000000    617
0.927817000000    0.796585000000    0.150000000000    618
0.959852000000    0.796585000000    0.150000000000    619
0.981614000000    0.796585000000    0.150000000000    620
0.992619000000    0.796585000000    0.150000000000    621
0.007381000000    0.930799000000    0.150000000000    701
0.018386000000    0.930799000000    0.150000000000    702
0.040148000000    0.930799000000    0.150000000000    703
0.072183000000    0.930799000000    0.150000000000    704
0.113775000000    0.930799000000    0.150000000000    705
0.163995000000    0.930799000000    0.150000000000    706
0.221720000000    0.930799000000    0.150000000000    707
0.285661000000    0.930799000000    0.150000000000    708
0.354391000000    0.930799000000    0.150000000000    709
0.426373000000    0.930799000000    0.150000000000    710
0.500000000000    0.930799000000    0.150000000000    711
0.573627000000    0.930799000000    0.150000000000    712
0.645609000000    0.930799000000    0.150000000000    713
0.714339000000    0.930799000000    0.150000000000    714
0.778280000000    0.930799000000    0.150000000000    715
0.836005000000    0.930799000000    0.150000000000    716
0.886225000000    0.930799000000    0.150000000000    717
0.927817000000    0.930799000000    0.150000000000    718
0.959852000000    0.930799000000    0.150000000000    719
0.981614000000    0.930799000000    0.150000000000    720
0.992619000000    0.930799000000    0.150000000000    721
0.007381000000    1.059808000000    0.150000000000    801
0.018386000000    1.059808000000    0.150000000000    802
0.040148000000    1.059808000000    0.150000000000    803
0.072183000000    1.059808000000    0.150000000000    804
0.113775000000    1.059808000000    0.150000000000    805
0.163995000000    1.059808000000    0.150000000000    806
0.221720000000    1.059808000000    0.150000000000    807
0.285661000000    1.059808000000    0.150000000000    808
0.354391000000    1.059808000000    0.150000000000    809
0.426373000000    1.059808000000    0.150000000000    810
0.500000000000    1.059808000000    0.150000000000    811
0.573627000000    1.059808000000    0.150000000000    812
0.645609000000    1.059808000000    0.150000000000    813
0.714339000000    1.059808000000    0.150000000000    814
0.778280000000    1.059808000000    0.150000000000    815
0.836005000000    1.059808000000    0.150000000000    816
0.886225000000    1.059808000000    0.150000000000    817
0.927817000000    1.059808000000    0.150000000000    818
0.959852000000    1.059808000000    0.150000000000    819
0.981614000000    1.059808000000    0.150000000000    820
0.992619000000    1.059808000000    0.150000000000    821
0.007381000000    1.182890000000    0.150000000000    901
0.018386000000    1.182890000000    0.150000000000    902
0.040148000000    1.182890000000    0.150000000000    903
0.072183000000    1.182890000000    0.150000000000    904
0.113775000000    1.182890000000    0.150000000000    905
0.163995000000    1.182890000000    0.150000000000    906
0.221720000000    1.182890000000    0.150000000000    907
0.285661000000    1.182890000000    0.150000000000    908
0.354391000000    1.182890000000    0.150000000000    909
0.426373000000    1.182890000000    0.150000000000    910
0.500000000000    1.182890000000    0.150000000000    911
0.573627000000    1.182890000000    0.150000000000    912
0.645609000000    1.182890000000    0.150000000000    913
0.714339000000    1.182890000000    0.150000000000    914
0.778280000000    1.182890000000    0.150000000000    915
0.836005000000    1.182890000000    0.150000000000    916
0.886225000000    1.182890000000    0.150000000000    917
0.927817000000    1.182890000000    0.150000000000    918
0.959852000000    1.182890000000    0.150000000000    919
0.981614000000    1.182890000000    0.150000000000    920
0.992619000000    1.182890000000    0.150000000000    921
0.007381000000    1.299357000000    0.150000000000    1001
0.018386000000    1.299357000000    0.150000000000    1002
0.040148000000    1.299357000000    0.150000000000    1003
0.072183000000    1.299357000000    0.150000000000    1004
0.113775000000    1.299357000000    0.150000000000    1005
0.163995000000    1.299357000000    0.150000000000    1006
0.221720000000    1.299357000000    0.150000000000    1007
0.285661000000    1.299357000000    0.150000000000    1008
0.354391000000    1.299357000000    0.150000000000    1009
0.426373000000    1.299357000000    0.150000000000    1010
0.500000000000    1.299357000000    0.150000000000    1011
0.573627000000    1.299357000000    0.150000000000    1012
0.645609000000    1.299357000000    0.150000000000    1013
0.714339000000    1.299357000000    0.150000000000    1014
0.778280000000    1.299357000000    0.150000000000    1015
0.836005000000    1.299357000000    0.150000000000    1016
0.886225000000    1.299357000000    0.150000000000    1017
0.927817000000    1.299357000000    0.150000000000    1018
0.959852000000    1.299357000000    0.150000000000    1019
0.981614000000    1.299357000000    0.150000000000    1020
0.992619000000    1.299357000000    0.150000000000    1021
0.007381000000    1.408557000000    0.150000000000    1101
0.018386000000    1.408557000000    0.150000000000    1102
0.040148000000    1.408557000000    0.150000000000    1103
0.072183000000    1.408557000000    0.150000000000    1104
0.113775000000    1.408557000000    0.150000000000    1105
0.163995000000    1.408557000000    0.150000000000    1106
0.221720000000    1.408557000000    0.150000000000    1107
0.285661000000    1.408557000000    0.150000000000    1108
0.354391000000    1.408557000000    0.150000000000    1109
0.426373000000    1.408557000000    0.150000000000    1110
0.500000000000    1.408557000000    0.150000000000    1111
0.573627000000    1.408557000000    0.150000000000    1112
0.645609000000    1.408557000000    0.150000000000    1113
0.714339000000    1.408557000000    0.150000000000    1114
0.778280000000    1.408557000000    0.150000000000    1115
0.836005000000    1.408557000000    0.150000000000    1116
0.886225000000    1.408557000000    0.150000000000    1117
0.927817000000    1.408557000000    0.150000000000    1118
0.959852000000    1.408557000000    0.150000000000    1119
0.981614000000    1.408557000000    0.150000000000    1120
0.992619000000    1.408557000000    0.150000000000    1121
0.007381000000    1.509880000000    0.150000000000    1201
0.018386000000    1.509880000000    0.150000000000    1202
0.040148000000    1.509880000000    0.150000000000    1203
0.072183000000    1.509880000000    0.150000000000    1204
0.113775000000    1.509880000000    0.150000000000    1205
0.163995000000    1.509880000000    0.150000000000    1206
0.221720000000    1.509880000000    0.150000000000    1207
0.285661000000    1.509880000000    0.150000000000    1208
0.354391000000    1.509880000000    0.150000000000    1209
0.426373000000    1.509880000000    0.150000000000    1210
0.500000000000    1.509880000000    0.150000000000    1211
0.573627000000    1.509880000000    0.150000000000    1212
0.645609000000    1.509880000000    0.150000000000    1213
0.714339000000    1.509880000000    0.150000000000    1214
0.778280000000    1.509880000000    0.150000000000    1215
0.836005000000    1.509880000000    0.150000000000    1216
0.886225000000    1.509880000000    0.150000000000    1217
0.927817000000    1.509880000000    0.150000000000    1218
0.959852000000    1.509880000000    0.150000000000    1219
0.981614000000    1.509880000000    0.150000000000    1220
0.992619000000    1.509880000000    0.150000000000    1221
0.007381000000    1.602759000000    0.150000000000    1301
0.018386000000    1.602759000000    0.150000000000    1302
0.040148000000    1.602759000000    0.150000000000    1303
0.072183000000    1.602759000000    0.150000000000    1304
0.113775000000    1.602759000000    0.150000000000    1305
0.163995000000    1.602759000000    0.150000000000    1306
0.221720000000    1.602759000000    0.150000000000    1307
0.285661000000    1.602759000000    0.150000000000    1308
0.354391000000    1.602759000000    0.150000000000    1309
0.426373000000    1.602759000000    0.150000000000    1310
0.500000000000    1.602759000000    0.150000000000    1311
0.573627000000    1.602759000000    0.150000000000    1312
0.645609000000    1.602759000000    0.150000000000    1313
0.714339000000    1.602759000000    0.150000000000    1314
0.778280000000    1.602759000000    0.150000000000    1315
0.836005000000    1.602759000000    0.150000000000    1316
0.886225000000    1.602759000000    0.150000000000    1317
0.927817000000    1.602759000000    0.150000000000    1318
0.959852000000    1.602759000000    0.150000000000    1319
0.981614000000    1.602759000000    0.150000000000    1320
0.992619000000    1.602759000000    0.150000000000    1321
0.007381000000    1.686675000000    0.150000000000    1401
0.018386000000    1.686675000000    0.150000000000    1402
0.040148000000    1.686675000000    0.150000000000    1403
0.072183000000    1.686675000000    0.150000000000    1404
0.113775000000    1.686675000000    0.150000000000    1405
0.163995000000    1.686675000000    0.150000000000    1406
0.221720000000    1.686675000000    0.150000000000    1407
0.285661000000    1.686675000000    0.150000000000    1408
0.354391000000    1.686675000000    0.150000000000    1409
0.426373000000    1.686675000000    0.150000000000    1410
0.500000000000    1.686675000000    0.150000000000    1411
0.573627000000    1.686675000000    0.150000000000    1412
0.645609000000    1.686675000000    0.150000000000    1413
0.714339000000    1.686675000000    0.150000000000    1414
0.778280000000    1.686675000000    0.150000000000    1415
0.836005000000    1.686675000000    0.150000000000    1416
0.886225000000    1.686675000000    0.150000000000    1417
0.927817000000    1.686675000000    0.150000000000    1418
0.959852000000    1.686675000000    0.150000000000    1419
0.981614000000    1.686675000000    0.150000000000    1420
0.992619000000    1.686675000000    0.150000000000    1421
0.007381000000    1.761158000000    0.150000000000    1501
0.018386000000    1.761158000000    0.150000000000    1502
0.040148000000    1.761158000000    0.150000000000    1503
0.072183000000    1.761158000000    0.150000000000    1504
0.113775000000    1.761158000000    0.150000000000    1505
0.163995000000    1.761158000000    0.150000000000    1506
0.221720000000    1.761158000000    0.150000000000    1507
0.285661000000    1.761158000000    0.150000000000    1508
0.354391000000    1.761158000000    0.150000000000    1509
0.426373000000    1.761158000000    0.150000000000    1510
0.500000000000    1.761158000000    0.150000000000    1511
0.573627000000    1.761158000000    0.150000000000    1512
0.645609000000    1.761158000000    0.150000000000    1513
0.714339000000    1.761158000000    0.150000000000    1514
0.778280000000    1.761158000000    0.150000000000    1515
0.836005000000    1.761158000000    0.150000000000    1516
0.886225000000    1.761158000000    0.150000000000    1517
0.927817000000    1.761158000000    0.150000000000    1518
0.959852000000    1.761158000000    0.150000000000    1519
0.981614000000    1.761158000000    0.150000000000    1520
0.992619000000    1.761158000000    0.150000000000    1521
0.007381000000    1.825792000000    0.150000000000    1601
0.018386000000    1.825792000000    0.150000000000    1602
0.040148000000    1.825792000000    0.150000000000    1603
0.072183000000    1.825792000000    0.150000000000    1604
0.113775000000    1.825792000000    0.150000000000    1605
0.163995000000    1.825792000000    0.150000000000    1606
0.221720000000    1.825792000000    0.150000000000    1607
0.285661000000    1.825792000000    0.150000000000    1608
0.354391000000    1.825792000000    0.150000000000    1609
0.426373000000    1.825792000000    0.150000000000    1610
0.500000000000    1.825792000000    0.150000000000    1611
0.573627000000    1.825792000000    0.150000000000    1612
0.645609000000    1.825792000000    0.150000000000    1613
0.714339000000    1.825792000000    0.150000000000    1614
0.778280000000    1.825792000000    0.150000000000    1615
0.836005000000    1.825792000000    0.150000000000    1616
0.886225000000    1.825792000000    0.150000000000    1617
0.927817000000    1.825792000000    0.150000000000    1618
0.959852000000    1.825792000000    0.150000000000    1619
0.981614000000    1.825792000000    0.150000000000    1620
0.992619000000    1.825792000000    0.150000000000    1621
0.007381000000    1.880216000000    0.150000000000    1701
0.018386000000    1.880216000000    0.150000000000    1702
0.040148000000    1.880216000000    0.150000000000    1703
0.072183000000    1.880216000000    0.150000000000    1704
0.113775000000    1.880216000000    0.150000000000    1705
0.163995000000    1.880216000000    0.150000000000    1706
0.221720000000    1.880216000000    0.150000000000    1707
0.285661000000    1.880216000000    0.150000000000    1708
0.354391000000    1.880216000000    0.150000000000    1709
0.426373000000    1.880216000000    0.150000000000    1710
0.500000000000    1.880216000000    0.150000000000    1711
0.573627000000    1.880216000000    0.150000000000    1712
0.645609000000    1.880216000000    0.150000000000    1713
0.714339000000    1.880216000000    0.150000000000    1714
0.778280000000    1.880216000000    0.150000000000    1715
0.836005000000    1.880216000000    0.150000000000    1716
0.886225000000    1.880216000000    0.150000000000    1717
0.927817000000    1.880216000000    0.150000000000    1718
0.959852000000    1.880216000000    0.150000000000    1719
0.981614000000    1.880216000000    0.150000000000    1720
0.992619000000    1.880216000000    0.150000000000    1721
0.007381000000    1.924124000000    0.150000000000    1801
0.018386000000    1.924124000000    0.150000000000    1802
0.040148000000    1.924124000000    0.150000000000    1803
0.072183000000    1.924124000000    0.150000000000    1804
0.113775000000    1.924124000000    0.150000000000    1805
0.163995000000    1.924124000000    0.150000000000    1806
0.221720000000    1.924124000000    0.150000000000    1807
0.285661000000    1.924124000000    0.150000000000    1808
0.354391000000    1.924124000000    0.150000000000    1809
0.426373000000    1.924124000000    0.150000000000    1810
0.500000000000    1.924124000000    0.150000000000    1811
0.573627000000    1.924124000000    0.150000000000    1812
0.645609000000    1.924124000000    0.150000000000    1813
0.714339000000    1.924124000000    0.150000000000    1814
0.778280000000    1.924124000000    0.150000000000    1815
0.836005000000    1.924124000000    0.150000000000    1816
0.886225000000    1.924124000000    0.150000000000    1817
0.927817000000    1.924124000000    0.150000000000    1818
0.959852000000    1.924124000000    0.150000000000    1819
0.981614000000    1.924124000000    0.150000000000    1820
0.992619000000    1.924124000000    0.150000000000    1821
0.007381000000    1.957272000000    0.150000000000    1901
0.018386000000    1.957272000000    0.150000000000    1902
0.040148000000    1.957272000000    0.150000000000    1903
0.072183000000    1.957272000000    0.150000000000    1904
0.113775000000    1.957272000000    0.150000000000    1905
0.163995000000    1.957272000000    0.150000000000    1906
0.221720000000    1.957272000000    0.150000000000    1907
0.285661000000    1.957272000000    0.150000000000    1908
0.354391000000    1.957272000000    0.150000000000    1909
0.426373000000    1.957272000000    0.150000000000    1910
0.500000000000    1.957272000000    0.150000000000    1911
0.573627000000    1.957272000000    0.150000000000    1912
0.645609000000    1.957272000000    0.150000000000    1913
0.714339000000    1.957272000000    0.150000000000    1914
0.778280000000    1.957272000000    0.150000000000    1915
0.836005000000    1.957272000000    0.150000000000    1916
0.886225000000    1.957272000000    0.150000000000    1917
0.927817000000    1.957272000000    0.150000000000    1918
0.959852000000    1.957272000000    0.150000000000    1919
0.981614000000    1.957272000000    0.150000000000    1920
0.992619000000    1.957272000000    0.150000000000    1921
0.007381000000    1.979475000000    0.150000000000    2001
0.018386000000    1.979475000000    0.150000000000    2002
0.040148000000    1.979475000000    0.150000000000    2003
0.072183000000    1.979475000000    0.150000000000    2004
0.113775000000    1.979475000000    0.150000000000    2005
0.163995000000    1.979475000000    0.150000000000    2006
0.221720000000    1.979475000000    0.150000000000    2007
0.285661000000    1.979475000000    0.150000000000    2008
0.354391000000    1.979475000000    0.150000000000    2009
0.426373000000    1.979475000000    0.150000000000    2010
0.500000000000    1.979475000000    0.150000000000    2011
0.573627000000    1.979475000000    0.150000000000    2012
0.645609000000    1.979475000000    0.150000000000    2013
0.714339000000    1.979475000000    0.150000000000    2014
0.778280000000    1.979475000000    0.150000000000    2015
0.836005000000    1.979475000000    0.150000000000    2016
0.886225000000    1.979475000000    0.150000000000    2017
0.927817000000    1.979475000000    0.150000000000    2018
0.959852000000    1.979475000000    0.150000000000    2019
0.981614000000    1.979475000000    0.150000000000    2020
0.992619000000    1.979475000000    0.150000000000    2021
0.007381000000    1.990607000000    0.150000000000    2101
0.018386000000    1.990607000000    0.150000000000    2102
0.040148000000    1.990607000000    0.150000000000    2103
0.072183000000    1.990607000000    0.150000000000    2104
0.113775000000    1.990607000000    0.150000000000    2105
0.163995000000    1.990607000000    0.150000000000    2106
0.221720000000    1.990607000000    0.150000000000    2107
0.285661000000    1.990607000000    0.150000000000    2108
0.354391000000    1.990607000000    0.150000000000    2109
0.426373000000    1.990607000000    0.150000000000    2110
0.500000000000    1.990607000000    0.150000000000    2111
0.573627000000    1.990607000000    0.150000000000    2112
0.645609000000    1.990607000000    0.150000000000    2113
0.714339000000    1.990607000000    0.150000000000    2114
0.778280000000    1.990607000000    0.150000000000    2115
0.836005000000    1.990607000000    0.150000000000    2116
0.886225000000    1.990607000000    0.150000000000    2117
0.927817000000    1.990607000000    0.150000000000    2118
0.959852000000    1.990607000000    0.150000000000    2119
0.981614000000    1.990607000000    0.150000000000    2120
0.992619000000    1.990607000000    0.150000000000    2121
