# x                 y                 z                 tapCode
1.000000000000    0.074483000000    -0.145752000000    101
1.000000000000    0.074483000000    -0.128172000000    102
1.000000000000    0.074483000000    -0.095133000000    103
1.000000000000    0.074483000000    -0.050619000000    104
1.000000000000    0.074483000000    0.000000000000    105
1.000000000000    0.074483000000    0.050619000000    106
1.000000000000    0.074483000000    0.095133000000    107
1.000000000000    0.074483000000    0.128172000000    108
1.000000000000    0.074483000000    0.145752000000    109
1.000000000000    0.223033000000    -0.145752000000    201
1.000000000000    0.223033000000    -0.128172000000    202
1.000000000000    0.223033000000    -0.095133000000    203
1.000000000000    0.223033000000    -0.050619000000    204
1.000000000000    0.223033000000    0.000000000000    205
1.000000000000    0.223033000000    0.050619000000    206
1.000000000000    0.223033000000    0.095133000000    207
1.000000000000    0.223033000000    0.128172000000    208
1.000000000000    0.223033000000    0.145752000000    209
1.000000000000    0.370336000000    -0.145752000000    301
1.000000000000    0.370336000000    -0.128172000000    302
1.000000000000    0.370336000000    -0.095133000000    303
1.000000000000    0.370336000000    -0.050619000000    304
1.000000000000    0.370336000000    0.000000000000    305
1.000000000000    0.370336000000    0.050619000000    306
1.000000000000    0.370336000000    0.095133000000    307
1.000000000000    0.370336000000    0.128172000000    308
1.000000000000    0.370336000000    0.145752000000    309
1.000000000000    0.515568000000    -0.145752000000    401
1.000000000000    0.515568000000    -0.128172000000    402
1.000000000000    0.515568000000    -0.095133000000    403
1.000000000000    0.515568000000    -0.050619000000    404
1.000000000000    0.515568000000    0.000000000000    405
1.000000000000    0.515568000000    0.050619000000    406
1.000000000000    0.515568000000    0.095133000000    407
1.000000000000    0.515568000000    0.128172000000    408
1.000000000000    0.515568000000    0.145752000000    409
1.000000000000    0.657916000000    -0.145752000000    501
1.000000000000    0.657916000000    -0.128172000000    502
1.000000000000    0.657916000000    -0.095133000000    503
1.000000000000    0.657916000000    -0.050619000000    504
1.000000000000    0.657916000000    0.000000000000    505
1.000000000000    0.657916000000    0.050619000000    506
1.000000000000    0.657916000000    0.095133000000    507
1.000000000000    0.657916000000    0.128172000000    508
1.000000000000    0.657916000000    0.145752000000    509
1.000000000000    0.796585000000    -0.145752000000    601
1.000000000000    0.796585000000    -0.128172000000    602
1.000000000000    0.796585000000    -0.095133000000    603
1.000000000000    0.796585000000    -0.050619000000    604
1.000000000000    0.796585000000    0.000000000000    605
1.000000000000    0.796585000000    0.050619000000    606
1.000000000000    0.796585000000    0.095133000000    607
1.000000000000    0.796585000000    0.128172000000    608
1.000000000000    0.796585000000    0.145752000000    609
1.000000000000    0.930799000000    -0.145752000000    701
1.000000000000    0.930799000000    -0.128172000000    702
1.000000000000    0.930799000000    -0.095133000000    703
1.000000000000    0.930799000000    -0.050619000000    704
1.000000000000    0.930799000000    0.000000000000    705
1.000000000000    0.930799000000    0.050619000000    706
1.000000000000    0.930799000000    0.095133000000    707
1.000000000000    0.930799000000    0.128172000000    708
1.000000000000    0.930799000000    0.145752000000    709
1.000000000000    1.059808000000    -0.145752000000    801
1.000000000000    1.059808000000    -0.128172000000    802
1.000000000000    1.059808000000    -0.095133000000    803
1.000000000000    1.059808000000    -0.050619000000    804
1.000000000000    1.059808000000    0.000000000000    805
1.000000000000    1.059808000000    0.050619000000    806
1.000000000000    1.059808000000    0.095133000000    807
1.000000000000    1.059808000000    0.128172000000    808
1.000000000000    1.059808000000    0.145752000000    809
1.000000000000    1.182890000000    -0.145752000000    901
1.000000000000    1.182890000000    -0.128172000000    902
1.000000000000    1.182890000000    -0.095133000000    903
1.000000000000    1.182890000000    -0.050619000000    904
1.000000000000    1.182890000000    0.000000000000    905
1.000000000000    1.182890000000    0.050619000000    906
1.000000000000    1.182890000000    0.095133000000    907
1.000000000000    1.182890000000    0.128172000000    908
1.000000000000    1.182890000000    0.145752000000    909
1.000000000000    1.299357000000    -0.145752000000    1001
1.000000000000    1.299357000000    -0.128172000000    1002
1.000000000000    1.299357000000    -0.095133000000    1003
1.000000000000    1.299357000000    -0.050619000000    1004
1.000000000000    1.299357000000    0.000000000000    1005
1.000000000000    1.299357000000    0.050619000000    1006
1.000000000000    1.299357000000    0.095133000000    1007
1.000000000000    1.299357000000    0.128172000000    1008
1.000000000000    1.299357000000    0.145752000000    1009
1.000000000000    1.408557000000    -0.145752000000    1101
1.000000000000    1.408557000000    -0.128172000000    1102
1.000000000000    1.408557000000    -0.095133000000    1103
1.000000000000    1.408557000000    -0.050619000000    1104
1.000000000000    1.408557000000    0.000000000000    1105
1.000000000000    1.408557000000    0.050619000000    1106
1.000000000000    1.408557000000    0.095133000000    1107
1.000000000000    1.408557000000    0.128172000000    1108
1.000000000000    1.408557000000    0.145752000000    1109
1.000000000000    1.509880000000    -0.145752000000    1201
1.000000000000    1.509880000000    -0.128172000000    1202
1.000000000000    1.509880000000    -0.095133000000    1203
1.000000000000    1.509880000000    -0.050619000000    1204
1.000000000000    1.509880000000    0.000000000000    1205
1.000000000000    1.509880000000    0.050619000000    1206
1.000000000000    1.509880000000    0.095133000000    1207
1.000000000000    1.509880000000    0.128172000000    1208
1.000000000000    1.509880000000    0.145752000000    1209
1.000000000000    1.602759000000    -0.145752000000    1301
1.000000000000    1.602759000000    -0.128172000000    1302
1.000000000000    1.602759000000    -0.095133000000    1303
1.000000000000    1.602759000000    -0.050619000000    1304
1.000000000000    1.602759000000    0.000000000000    1305
1.000000000000    1.602759000000    0.050619000000    1306
1.000000000000    1.602759000000    0.095133000000    1307
1.000000000000    1.602759000000    0.128172000000    1308
1.000000000000    1.602759000000    0.145752000000    1309
1.000000000000    1.686675000000    -0.145752000000    1401
1.000000000000    1.686675000000    -0.128172000000    1402
1.000000000000    1.686675000000    -0.095133000000    1403
1.000000000000    1.686675000000    -0.050619000000    1404
1.000000000000    1.686675000000    0.000000000000    1405
1.000000000000    1.686675000000    0.050619000000    1406
1.000000000000    1.686675000000    0.095133000000    1407
1.000000000000    1.686675000000    0.128172000000    1408
1.000000000000    1.686675000000    0.145752000000    1409
1.000000000000    1.761158000000    -0.145752000000    1501
1.000000000000    1.761158000000    -0.128172000000    1502
1.000000000000    1.761158000000    -0.095133000000    1503
1.000000000000    1.761158000000    -0.050619000000    1504
1.000000000000    1.761158000000    0.000000000000    1505
1.000000000000    1.761158000000    0.050619000000    1506
1.000000000000    1.761158000000    0.095133000000    1507
1.000000000000    1.761158000000    0.128172000000    1508
1.000000000000    1.761158000000    0.145752000000    1509
1.000000000000    1.825792000000    -0.145752000000    1601
1.000000000000    1.825792000000    -0.128172000000    1602
1.000000000000    1.825792000000    -0.095133000000    1603
1.000000000000    1.825792000000    -0.050619000000    1604
1.000000000000    1.825792000000    0.000000000000    1605
1.000000000000    1.825792000000    0.050619000000    1606
1.000000000000    1.825792000000    0.095133000000    1607
1.000000000000    1.825792000000    0.128172000000    1608
1.000000000000    1.825792000000    0.145752000000    1609
1.000000000000    1.880216000000    -0.145752000000    1701
1.000000000000    1.880216000000    -0.128172000000    1702
1.000000000000    1.880216000000    -0.095133000000    1703
1.000000000000    1.880216000000    -0.050619000000    1704
1.000000000000    1.880216000000    0.000000000000    1705
1.000000000000    1.880216000000    0.050619000000    1706
1.000000000000    1.880216000000    0.095133000000    1707
1.000000000000    1.880216000000    0.128172000000    1708
1.000000000000    1.880216000000    0.145752000000    1709
1.000000000000    1.924124000000    -0.145752000000    1801
1.000000000000    1.924124000000    -0.128172000000    1802
1.000000000000    1.924124000000    -0.095133000000    1803
1.000000000000    1.924124000000    -0.050619000000    1804
1.000000000000    1.924124000000    0.000000000000    1805
1.000000000000    1.924124000000    0.050619000000    1806
1.000000000000    1.924124000000    0.095133000000    1807
1.000000000000    1.924124000000    0.128172000000    1808
1.000000000000    1.924124000000    0.145752000000    1809
1.000000000000    1.957272000000    -0.145752000000    1901
1.000000000000    1.957272000000    -0.128172000000    1902
1.000000000000    1.957272000000    -0.095133000000    1903
1.000000000000    1.957272000000    -0.050619000000    1904
1.000000000000    1.957272000000    0.000000000000    1905
1.000000000000    1.957272000000    0.050619000000    1906
1.000000000000    1.957272000000    0.095133000000    1907
1.000000000000    1.957272000000    0.128172000000    1908
1.000000000000    1.957272000000    0.145752000000    1909
1.000000000000    1.979475000000    -0.145752000000    2001
1.000000000000    1.979475000000    -0.128172000000    2002
1.000000000000    1.979475000000    -0.095133000000    2003
1.000000000000    1.979475000000    -0.050619000000    2004
1.000000000000    1.979475000000    0.000000000000    2005
1.000000000000    1.979475000000    0.050619000000    2006
1.000000000000    1.979475000000    0.095133000000    2007
1.000000000000    1.979475000000    0.128172000000    2008
1.000000000000    1.979475000000    0.145752000000    2009
1.000000000000    1.990607000000    -0.145752000000    2101
1.000000000000    1.990607000000    -0.128172000000    2102
1.000000000000    1.990607000000    -0.095133000000    2103
1.000000000000    1.990607000000    -0.050619000000    2104
1.000000000000    1.990607000000    0.000000000000    2105
1.000000000000    1.990607000000    0.050619000000    2106
1.000000000000    1.990607000000    0.095133000000    2107
1.000000000000    1.990607000000    0.128172000000    2108
1.000000000000    1.990607000000    0.145752000000    2109
