# x                 y                 z                 tapCode        tributaryArea
1.000000000000    0.074483000000    -0.145752000000    101    0.001939506804
1.000000000000    0.074483000000    -0.128172000000    102    0.003764990601
1.000000000000    0.074483000000    -0.095133000000    103    0.005768314587
1.000000000000    0.074483000000    -0.050619000000    104    0.007075897407
1.000000000000    0.074483000000    0.000000000000    105    0.007529981202
1.000000000000    0.074483000000    0.050619000000    106    0.007075897407
1.000000000000    0.074483000000    0.095133000000    107    0.005768314587
1.000000000000    0.074483000000    0.128172000000    108    0.003764990601
1.000000000000    0.074483000000    0.145752000000    109    0.001939506804
1.000000000000    0.223033000000    -0.145752000000    201    0.001928665707
1.000000000000    0.223033000000    -0.128172000000    202    0.003743945752
1.000000000000    0.223033000000    -0.095133000000    203    0.005736071927
1.000000000000    0.223033000000    -0.050619000000    204    0.007036345862
1.000000000000    0.223033000000    0.000000000000    205    0.007487891504
1.000000000000    0.223033000000    0.050619000000    206    0.007036345862
1.000000000000    0.223033000000    0.095133000000    207    0.005736071927
1.000000000000    0.223033000000    0.128172000000    208    0.003743945752
1.000000000000    0.223033000000    0.145752000000    209    0.001928665707
1.000000000000    0.370336000000    -0.145752000000    301    0.001907035665
1.000000000000    0.370336000000    -0.128172000000    302    0.003701957291
1.000000000000    0.370336000000    -0.095133000000    303    0.005671741714
1.000000000000    0.370336000000    -0.050619000000    304    0.006957433039
1.000000000000    0.370336000000    0.000000000000    305    0.007403914582
1.000000000000    0.370336000000    0.050619000000    306    0.006957433039
1.000000000000    0.370336000000    0.095133000000    307    0.005671741714
1.000000000000    0.370336000000    0.128172000000    308    0.003701957291
1.000000000000    0.370336000000    0.145752000000    309    0.001907035665
1.000000000000    0.515568000000    -0.145752000000    401    0.001874734020
1.000000000000    0.515568000000    -0.128172000000    402    0.003639253005
1.000000000000    0.515568000000    -0.095133000000    403    0.005575672935
1.000000000000    0.515568000000    -0.050619000000    404    0.006839587035
1.000000000000    0.515568000000    0.000000000000    405    0.007278506010
1.000000000000    0.515568000000    0.050619000000    406    0.006839587035
1.000000000000    0.515568000000    0.095133000000    407    0.005575672935
1.000000000000    0.515568000000    0.128172000000    408    0.003639253005
1.000000000000    0.515568000000    0.145752000000    409    0.001874734020
1.000000000000    0.657916000000    -0.145752000000    501    0.001831949823
1.000000000000    0.657916000000    -0.128172000000    502    0.003556199881
1.000000000000    0.657916000000    -0.095133000000    503    0.005448427850
1.000000000000    0.657916000000    -0.050619000000    504    0.006683497565
1.000000000000    0.657916000000    0.000000000000    505    0.007112399762
1.000000000000    0.657916000000    0.050619000000    506    0.006683497565
1.000000000000    0.657916000000    0.095133000000    507    0.005448427850
1.000000000000    0.657916000000    0.128172000000    508    0.003556199881
1.000000000000    0.657916000000    0.145752000000    509    0.001831949823
1.000000000000    0.796585000000    -0.145752000000    601    0.001778924277
1.000000000000    0.796585000000    -0.128172000000    602    0.003453266144
1.000000000000    0.796585000000    -0.095133000000    603    0.005290723825
1.000000000000    0.796585000000    -0.050619000000    604    0.006490044610
1.000000000000    0.796585000000    0.000000000000    605    0.006906532288
1.000000000000    0.796585000000    0.050619000000    606    0.006490044610
1.000000000000    0.796585000000    0.095133000000    607    0.005290723825
1.000000000000    0.796585000000    0.128172000000    608    0.003453266144
1.000000000000    0.796585000000    0.145752000000    609    0.001778924277
1.000000000000    0.930799000000    -0.145752000000    701    0.001715950737
1.000000000000    0.930799000000    -0.128172000000    702    0.003331021259
1.000000000000    0.930799000000    -0.095133000000    703    0.005103433330
1.000000000000    0.930799000000    -0.050619000000    704    0.006260298415
1.000000000000    0.930799000000    0.000000000000    705    0.006662042519
1.000000000000    0.930799000000    0.050619000000    706    0.006260298415
1.000000000000    0.930799000000    0.095133000000    707    0.005103433330
1.000000000000    0.930799000000    0.128172000000    708    0.003331021259
1.000000000000    0.930799000000    0.145752000000    709    0.001715950737
1.000000000000    1.059808000000    -0.145752000000    801    0.001643381229
1.000000000000    1.059808000000    -0.128172000000    802    0.003190148582
1.000000000000    1.059808000000    -0.095133000000    803    0.004887603331
1.000000000000    1.059808000000    -0.050619000000    804    0.005995543276
1.000000000000    1.059808000000    0.000000000000    805    0.006380297164
1.000000000000    1.059808000000    0.050619000000    806    0.005995543276
1.000000000000    1.059808000000    0.095133000000    807    0.004887603331
1.000000000000    1.059808000000    0.128172000000    808    0.003190148582
1.000000000000    1.059808000000    0.145752000000    809    0.001643381229
1.000000000000    1.182890000000    -0.145752000000    901    0.001561619931
1.000000000000    1.182890000000    -0.128172000000    902    0.003031432708
1.000000000000    1.182890000000    -0.095133000000    903    0.004644435899
1.000000000000    1.182890000000    -0.050619000000    904    0.005697253754
1.000000000000    1.182890000000    0.000000000000    905    0.006062865416
1.000000000000    1.182890000000    0.050619000000    906    0.005697253754
1.000000000000    1.182890000000    0.095133000000    907    0.004644435899
1.000000000000    1.182890000000    0.128172000000    908    0.003031432708
1.000000000000    1.182890000000    0.145752000000    909    0.001561619931
1.000000000000    1.299357000000    -0.145752000000    1001    0.001471123173
1.000000000000    1.299357000000    -0.128172000000    1002    0.002855759468
1.000000000000    1.299357000000    -0.095133000000    1003    0.004375288213
1.000000000000    1.299357000000    -0.050619000000    1004    0.005367094678
1.000000000000    1.299357000000    0.000000000000    1005    0.005711518937
1.000000000000    1.299357000000    0.050619000000    1006    0.005367094678
1.000000000000    1.299357000000    0.095133000000    1007    0.004375288213
1.000000000000    1.299357000000    0.128172000000    1008    0.002855759468
1.000000000000    1.299357000000    0.145752000000    1009    0.001471123173
1.000000000000    1.408557000000    -0.145752000000    1101    0.001372399437
1.000000000000    1.408557000000    -0.128172000000    1102    0.002664115934
1.000000000000    1.408557000000    -0.095133000000    1103    0.004081672555
1.000000000000    1.408557000000    -0.050619000000    1104    0.005006921140
1.000000000000    1.408557000000    0.000000000000    1105    0.005328231868
1.000000000000    1.408557000000    0.050619000000    1106    0.005006921140
1.000000000000    1.408557000000    0.095133000000    1107    0.004081672555
1.000000000000    1.408557000000    0.128172000000    1108    0.002664115934
1.000000000000    1.408557000000    0.145752000000    1109    0.001372399437
1.000000000000    1.509880000000    -0.145752000000    1201    0.001266002838
1.000000000000    1.509880000000    -0.128172000000    1202    0.002457577760
1.000000000000    1.509880000000    -0.095133000000    1203    0.003765236927
1.000000000000    1.509880000000    -0.050619000000    1204    0.004618754717
1.000000000000    1.509880000000    0.000000000000    1205    0.004915155519
1.000000000000    1.509880000000    0.050619000000    1206    0.004618754717
1.000000000000    1.509880000000    0.095133000000    1207    0.003765236927
1.000000000000    1.509880000000    0.128172000000    1208    0.002457577760
1.000000000000    1.509880000000    0.145752000000    1209    0.001266002838
1.000000000000    1.602759000000    -0.145752000000    1301    0.001152526605
1.000000000000    1.602759000000    -0.128172000000    1302    0.002237296526
1.000000000000    1.602759000000    -0.095133000000    1303    0.003427745659
1.000000000000    1.602759000000    -0.050619000000    1304    0.004204759684
1.000000000000    1.602759000000    0.000000000000    1305    0.004474593052
1.000000000000    1.602759000000    0.050619000000    1306    0.004204759684
1.000000000000    1.602759000000    0.095133000000    1307    0.003427745659
1.000000000000    1.602759000000    0.128172000000    1308    0.002237296526
1.000000000000    1.602759000000    0.145752000000    1309    0.001152526605
1.000000000000    1.686675000000    -0.145752000000    1401    0.001032603081
1.000000000000    1.686675000000    -0.128172000000    1402    0.002004499745
1.000000000000    1.686675000000    -0.095133000000    1403    0.003071079412
1.000000000000    1.686675000000    -0.050619000000    1404    0.003767243017
1.000000000000    1.686675000000    0.000000000000    1405    0.004008999491
1.000000000000    1.686675000000    0.050619000000    1406    0.003767243017
1.000000000000    1.686675000000    0.095133000000    1407    0.003071079412
1.000000000000    1.686675000000    0.128172000000    1408    0.002004499745
1.000000000000    1.686675000000    0.145752000000    1409    0.001032603081
1.000000000000    1.761158000000    -0.145752000000    1501    0.000906903723
1.000000000000    1.761158000000    -0.128172000000    1502    0.001760490856
1.000000000000    1.761158000000    -0.095133000000    1503    0.002697235175
1.000000000000    1.761158000000    -0.050619000000    1504    0.003308654390
1.000000000000    1.761158000000    0.000000000000    1505    0.003520981711
1.000000000000    1.761158000000    0.050619000000    1506    0.003308654390
1.000000000000    1.761158000000    0.095133000000    1507    0.002697235175
1.000000000000    1.761158000000    0.128172000000    1508    0.001760490856
1.000000000000    1.761158000000    0.145752000000    1509    0.000906903723
1.000000000000    1.825792000000    -0.145752000000    1601    0.000776139102
1.000000000000    1.825792000000    -0.128172000000    1602    0.001506649226
1.000000000000    1.825792000000    -0.095133000000    1603    0.002308326269
1.000000000000    1.825792000000    -0.050619000000    1604    0.002831586179
1.000000000000    1.825792000000    0.000000000000    1605    0.003013298451
1.000000000000    1.825792000000    0.050619000000    1606    0.002831586179
1.000000000000    1.825792000000    0.095133000000    1607    0.002308326269
1.000000000000    1.825792000000    0.128172000000    1608    0.001506649226
1.000000000000    1.825792000000    0.145752000000    1609    0.000776139102
1.000000000000    1.880216000000    -0.145752000000    1701    0.000641026308
1.000000000000    1.880216000000    -0.128172000000    1702    0.001244366877
1.000000000000    1.880216000000    -0.095133000000    1703    0.001906485399
1.000000000000    1.880216000000    -0.050619000000    1704    0.002338654539
1.000000000000    1.880216000000    0.000000000000    1705    0.002488733754
1.000000000000    1.880216000000    0.050619000000    1706    0.002338654539
1.000000000000    1.880216000000    0.095133000000    1707    0.001906485399
1.000000000000    1.880216000000    0.128172000000    1708    0.001244366877
1.000000000000    1.880216000000    0.145752000000    1709    0.000641026308
1.000000000000    1.924124000000    -0.145752000000    1801    0.000502328064
1.000000000000    1.924124000000    -0.128172000000    1802    0.000975124416
1.000000000000    1.924124000000    -0.095133000000    1803    0.001493980992
1.000000000000    1.924124000000    -0.050619000000    1804    0.001832642112
1.000000000000    1.924124000000    0.000000000000    1805    0.001950248832
1.000000000000    1.924124000000    0.050619000000    1806    0.001832642112
1.000000000000    1.924124000000    0.095133000000    1807    0.001493980992
1.000000000000    1.924124000000    0.128172000000    1808    0.000975124416
1.000000000000    1.924124000000    0.145752000000    1809    0.000502328064
1.000000000000    1.957272000000    -0.145752000000    1901    0.000360833169
1.000000000000    1.957272000000    -0.128172000000    1902    0.000700453067
1.000000000000    1.957272000000    -0.095133000000    1903    0.001073159026
1.000000000000    1.957272000000    -0.050619000000    1904    0.001316426671
1.000000000000    1.957272000000    0.000000000000    1905    0.001400906135
1.000000000000    1.957272000000    0.050619000000    1906    0.001316426671
1.000000000000    1.957272000000    0.095133000000    1907    0.001073159026
1.000000000000    1.957272000000    0.128172000000    1908    0.000700453067
1.000000000000    1.957272000000    0.145752000000    1909    0.000360833169
1.000000000000    1.979475000000    -0.145752000000    2001    0.000217310865
1.000000000000    1.979475000000    -0.128172000000    2002    0.000421846091
1.000000000000    1.979475000000    -0.095133000000    2003    0.000646307314
1.000000000000    1.979475000000    -0.050619000000    2004    0.000792814639
1.000000000000    1.979475000000    0.000000000000    2005    0.000843692183
1.000000000000    1.979475000000    0.050619000000    2006    0.000792814639
1.000000000000    1.979475000000    0.095133000000    2007    0.000646307314
1.000000000000    1.979475000000    0.128172000000    2008    0.000421846091
1.000000000000    1.979475000000    0.145752000000    2009    0.000217310865
1.000000000000    1.990607000000    -0.145752000000    2101    0.000195035442
1.000000000000    1.990607000000    -0.128172000000    2102    0.000378604810
1.000000000000    1.990607000000    -0.095133000000    2103    0.000580057663
1.000000000000    1.990607000000    -0.050619000000    2104    0.000711547273
1.000000000000    1.990607000000    0.000000000000    2105    0.000757209621
1.000000000000    1.990607000000    0.050619000000    2106    0.000711547273
1.000000000000    1.990607000000    0.095133000000    2107    0.000580057663
1.000000000000    1.990607000000    0.128172000000    2108    0.000378604810
1.000000000000    1.990607000000    0.145752000000    2109    0.000195035442
