189 points
    0.007381    2.000000    -0.145752
    0.018386    2.000000    -0.145752
    0.040148    2.000000    -0.145752
    0.072183    2.000000    -0.145752
    0.113775    2.000000    -0.145752
    0.163995    2.000000    -0.145752
    0.221720    2.000000    -0.145752
    0.285661    2.000000    -0.145752
    0.354391    2.000000    -0.145752
    0.426373    2.000000    -0.145752
    0.500000    2.000000    -0.145752
    0.573627    2.000000    -0.145752
    0.645609    2.000000    -0.145752
    0.714339    2.000000    -0.145752
    0.778280    2.000000    -0.145752
    0.836005    2.000000    -0.145752
    0.886225    2.000000    -0.145752
    0.927817    2.000000    -0.145752
    0.959852    2.000000    -0.145752
    0.981614    2.000000    -0.145752
    0.992619    2.000000    -0.145752
    0.007381    2.000000    -0.128172
    0.018386    2.000000    -0.128172
    0.040148    2.000000    -0.128172
    0.072183    2.000000    -0.128172
    0.113775    2.000000    -0.128172
    0.163995    2.000000    -0.128172
    0.221720    2.000000    -0.128172
    0.285661    2.000000    -0.128172
    0.354391    2.000000    -0.128172
    0.426373    2.000000    -0.128172
    0.500000    2.000000    -0.128172
    0.573627    2.000000    -0.128172
    0.645609    2.000000    -0.128172
    0.714339    2.000000    -0.128172
    0.778280    2.000000    -0.128172
    0.836005    2.000000    -0.128172
    0.886225    2.000000    -0.128172
    0.927817    2.000000    -0.128172
    0.959852    2.000000    -0.128172
    0.981614    2.000000    -0.128172
    0.992619    2.000000    -0.128172
    0.007381    2.000000    -0.095133
    0.018386    2.000000    -0.095133
    0.040148    2.000000    -0.095133
    0.072183    2.000000    -0.095133
    0.113775    2.000000    -0.095133
    0.163995    2.000000    -0.095133
    0.221720    2.000000    -0.095133
    0.285661    2.000000    -0.095133
    0.354391    2.000000    -0.095133
    0.426373    2.000000    -0.095133
    0.500000    2.000000    -0.095133
    0.573627    2.000000    -0.095133
    0.645609    2.000000    -0.095133
    0.714339    2.000000    -0.095133
    0.778280    2.000000    -0.095133
    0.836005    2.000000    -0.095133
    0.886225    2.000000    -0.095133
    0.927817    2.000000    -0.095133
    0.959852    2.000000    -0.095133
    0.981614    2.000000    -0.095133
    0.992619    2.000000    -0.095133
    0.007381    2.000000    -0.050619
    0.018386    2.000000    -0.050619
    0.040148    2.000000    -0.050619
    0.072183    2.000000    -0.050619
    0.113775    2.000000    -0.050619
    0.163995    2.000000    -0.050619
    0.221720    2.000000    -0.050619
    0.285661    2.000000    -0.050619
    0.354391    2.000000    -0.050619
    0.426373    2.000000    -0.050619
    0.500000    2.000000    -0.050619
    0.573627    2.000000    -0.050619
    0.645609    2.000000    -0.050619
    0.714339    2.000000    -0.050619
    0.778280    2.000000    -0.050619
    0.836005    2.000000    -0.050619
    0.886225    2.000000    -0.050619
    0.927817    2.000000    -0.050619
    0.959852    2.000000    -0.050619
    0.981614    2.000000    -0.050619
    0.992619    2.000000    -0.050619
    0.007381    2.000000    0.000000
    0.018386    2.000000    0.000000
    0.040148    2.000000    0.000000
    0.072183    2.000000    0.000000
    0.113775    2.000000    0.000000
    0.163995    2.000000    0.000000
    0.221720    2.000000    0.000000
    0.285661    2.000000    0.000000
    0.354391    2.000000    0.000000
    0.426373    2.000000    0.000000
    0.500000    2.000000    0.000000
    0.573627    2.000000    0.000000
    0.645609    2.000000    0.000000
    0.714339    2.000000    0.000000
    0.778280    2.000000    0.000000
    0.836005    2.000000    0.000000
    0.886225    2.000000    0.000000
    0.927817    2.000000    0.000000
    0.959852    2.000000    0.000000
    0.981614    2.000000    0.000000
    0.992619    2.000000    0.000000
    0.007381    2.000000    0.050619
    0.018386    2.000000    0.050619
    0.040148    2.000000    0.050619
    0.072183    2.000000    0.050619
    0.113775    2.000000    0.050619
    0.163995    2.000000    0.050619
    0.221720    2.000000    0.050619
    0.285661    2.000000    0.050619
    0.354391    2.000000    0.050619
    0.426373    2.000000    0.050619
    0.500000    2.000000    0.050619
    0.573627    2.000000    0.050619
    0.645609    2.000000    0.050619
    0.714339    2.000000    0.050619
    0.778280    2.000000    0.050619
    0.836005    2.000000    0.050619
    0.886225    2.000000    0.050619
    0.927817    2.000000    0.050619
    0.959852    2.000000    0.050619
    0.981614    2.000000    0.050619
    0.992619    2.000000    0.050619
    0.007381    2.000000    0.095133
    0.018386    2.000000    0.095133
    0.040148    2.000000    0.095133
    0.072183    2.000000    0.095133
    0.113775    2.000000    0.095133
    0.163995    2.000000    0.095133
    0.221720    2.000000    0.095133
    0.285661    2.000000    0.095133
    0.354391    2.000000    0.095133
    0.426373    2.000000    0.095133
    0.500000    2.000000    0.095133
    0.573627    2.000000    0.095133
    0.645609    2.000000    0.095133
    0.714339    2.000000    0.095133
    0.778280    2.000000    0.095133
    0.836005    2.000000    0.095133
    0.886225    2.000000    0.095133
    0.927817    2.000000    0.095133
    0.959852    2.000000    0.095133
    0.981614    2.000000    0.095133
    0.992619    2.000000    0.095133
    0.007381    2.000000    0.128172
    0.018386    2.000000    0.128172
    0.040148    2.000000    0.128172
    0.072183    2.000000    0.128172
    0.113775    2.000000    0.128172
    0.163995    2.000000    0.128172
    0.221720    2.000000    0.128172
    0.285661    2.000000    0.128172
    0.354391    2.000000    0.128172
    0.426373    2.000000    0.128172
    0.500000    2.000000    0.128172
    0.573627    2.000000    0.128172
    0.645609    2.000000    0.128172
    0.714339    2.000000    0.128172
    0.778280    2.000000    0.128172
    0.836005    2.000000    0.128172
    0.886225    2.000000    0.128172
    0.927817    2.000000    0.128172
    0.959852    2.000000    0.128172
    0.981614    2.000000    0.128172
    0.992619    2.000000    0.128172
    0.007381    2.000000    0.145752
    0.018386    2.000000    0.145752
    0.040148    2.000000    0.145752
    0.072183    2.000000    0.145752
    0.113775    2.000000    0.145752
    0.163995    2.000000    0.145752
    0.221720    2.000000    0.145752
    0.285661    2.000000    0.145752
    0.354391    2.000000    0.145752
    0.426373    2.000000    0.145752
    0.500000    2.000000    0.145752
    0.573627    2.000000    0.145752
    0.645609    2.000000    0.145752
    0.714339    2.000000    0.145752
    0.778280    2.000000    0.145752
    0.836005    2.000000    0.145752
    0.886225    2.000000    0.145752
    0.927817    2.000000    0.145752
    0.959852    2.000000    0.145752
    0.981614    2.000000    0.145752
    0.992619    2.000000    0.145752
