# x                 y                 z                 tapCode
0.007381000000    2.000000000000    -0.145752000000    101
0.018386000000    2.000000000000    -0.145752000000    102
0.040148000000    2.000000000000    -0.145752000000    103
0.072183000000    2.000000000000    -0.145752000000    104
0.113775000000    2.000000000000    -0.145752000000    105
0.163995000000    2.000000000000    -0.145752000000    106
0.221720000000    2.000000000000    -0.145752000000    107
0.285661000000    2.000000000000    -0.145752000000    108
0.354391000000    2.000000000000    -0.145752000000    109
0.426373000000    2.000000000000    -0.145752000000    110
0.500000000000    2.000000000000    -0.145752000000    111
0.573627000000    2.000000000000    -0.145752000000    112
0.645609000000    2.000000000000    -0.145752000000    113
0.714339000000    2.000000000000    -0.145752000000    114
0.778280000000    2.000000000000    -0.145752000000    115
0.836005000000    2.000000000000    -0.145752000000    116
0.886225000000    2.000000000000    -0.145752000000    117
0.927817000000    2.000000000000    -0.145752000000    118
0.959852000000    2.000000000000    -0.145752000000    119
0.981614000000    2.000000000000    -0.145752000000    120
0.992619000000    2.000000000000    -0.145752000000    121
0.007381000000    2.000000000000    -0.128172000000    201
0.018386000000    2.000000000000    -0.128172000000    202
0.040148000000    2.000000000000    -0.128172000000    203
0.072183000000    2.000000000000    -0.128172000000    204
0.113775000000    2.000000000000    -0.128172000000    205
0.163995000000    2.000000000000    -0.128172000000    206
0.221720000000    2.000000000000    -0.128172000000    207
0.285661000000    2.000000000000    -0.128172000000    208
0.354391000000    2.000000000000    -0.128172000000    209
0.426373000000    2.000000000000    -0.128172000000    210
0.500000000000    2.000000000000    -0.128172000000    211
0.573627000000    2.000000000000    -0.128172000000    212
0.645609000000    2.000000000000    -0.128172000000    213
0.714339000000    2.000000000000    -0.128172000000    214
0.778280000000    2.000000000000    -0.128172000000    215
0.836005000000    2.000000000000    -0.128172000000    216
0.886225000000    2.000000000000    -0.128172000000    217
0.927817000000    2.000000000000    -0.128172000000    218
0.959852000000    2.000000000000    -0.128172000000    219
0.981614000000    2.000000000000    -0.128172000000    220
0.992619000000    2.000000000000    -0.128172000000    221
0.007381000000    2.000000000000    -0.095133000000    301
0.018386000000    2.000000000000    -0.095133000000    302
0.040148000000    2.000000000000    -0.095133000000    303
0.072183000000    2.000000000000    -0.095133000000    304
0.113775000000    2.000000000000    -0.095133000000    305
0.163995000000    2.000000000000    -0.095133000000    306
0.221720000000    2.000000000000    -0.095133000000    307
0.285661000000    2.000000000000    -0.095133000000    308
0.354391000000    2.000000000000    -0.095133000000    309
0.426373000000    2.000000000000    -0.095133000000    310
0.500000000000    2.000000000000    -0.095133000000    311
0.573627000000    2.000000000000    -0.095133000000    312
0.645609000000    2.000000000000    -0.095133000000    313
0.714339000000    2.000000000000    -0.095133000000    314
0.778280000000    2.000000000000    -0.095133000000    315
0.836005000000    2.000000000000    -0.095133000000    316
0.886225000000    2.000000000000    -0.095133000000    317
0.927817000000    2.000000000000    -0.095133000000    318
0.959852000000    2.000000000000    -0.095133000000    319
0.981614000000    2.000000000000    -0.095133000000    320
0.992619000000    2.000000000000    -0.095133000000    321
0.007381000000    2.000000000000    -0.050619000000    401
0.018386000000    2.000000000000    -0.050619000000    402
0.040148000000    2.000000000000    -0.050619000000    403
0.072183000000    2.000000000000    -0.050619000000    404
0.113775000000    2.000000000000    -0.050619000000    405
0.163995000000    2.000000000000    -0.050619000000    406
0.221720000000    2.000000000000    -0.050619000000    407
0.285661000000    2.000000000000    -0.050619000000    408
0.354391000000    2.000000000000    -0.050619000000    409
0.426373000000    2.000000000000    -0.050619000000    410
0.500000000000    2.000000000000    -0.050619000000    411
0.573627000000    2.000000000000    -0.050619000000    412
0.645609000000    2.000000000000    -0.050619000000    413
0.714339000000    2.000000000000    -0.050619000000    414
0.778280000000    2.000000000000    -0.050619000000    415
0.836005000000    2.000000000000    -0.050619000000    416
0.886225000000    2.000000000000    -0.050619000000    417
0.927817000000    2.000000000000    -0.050619000000    418
0.959852000000    2.000000000000    -0.050619000000    419
0.981614000000    2.000000000000    -0.050619000000    420
0.992619000000    2.000000000000    -0.050619000000    421
0.007381000000    2.000000000000    0.000000000000    501
0.018386000000    2.000000000000    0.000000000000    502
0.040148000000    2.000000000000    0.000000000000    503
0.072183000000    2.000000000000    0.000000000000    504
0.113775000000    2.000000000000    0.000000000000    505
0.163995000000    2.000000000000    0.000000000000    506
0.221720000000    2.000000000000    0.000000000000    507
0.285661000000    2.000000000000    0.000000000000    508
0.354391000000    2.000000000000    0.000000000000    509
0.426373000000    2.000000000000    0.000000000000    510
0.500000000000    2.000000000000    0.000000000000    511
0.573627000000    2.000000000000    0.000000000000    512
0.645609000000    2.000000000000    0.000000000000    513
0.714339000000    2.000000000000    0.000000000000    514
0.778280000000    2.000000000000    0.000000000000    515
0.836005000000    2.000000000000    0.000000000000    516
0.886225000000    2.000000000000    0.000000000000    517
0.927817000000    2.000000000000    0.000000000000    518
0.959852000000    2.000000000000    0.000000000000    519
0.981614000000    2.000000000000    0.000000000000    520
0.992619000000    2.000000000000    0.000000000000    521
0.007381000000    2.000000000000    0.050619000000    601
0.018386000000    2.000000000000    0.050619000000    602
0.040148000000    2.000000000000    0.050619000000    603
0.072183000000    2.000000000000    0.050619000000    604
0.113775000000    2.000000000000    0.050619000000    605
0.163995000000    2.000000000000    0.050619000000    606
0.221720000000    2.000000000000    0.050619000000    607
0.285661000000    2.000000000000    0.050619000000    608
0.354391000000    2.000000000000    0.050619000000    609
0.426373000000    2.000000000000    0.050619000000    610
0.500000000000    2.000000000000    0.050619000000    611
0.573627000000    2.000000000000    0.050619000000    612
0.645609000000    2.000000000000    0.050619000000    613
0.714339000000    2.000000000000    0.050619000000    614
0.778280000000    2.000000000000    0.050619000000    615
0.836005000000    2.000000000000    0.050619000000    616
0.886225000000    2.000000000000    0.050619000000    617
0.927817000000    2.000000000000    0.050619000000    618
0.959852000000    2.000000000000    0.050619000000    619
0.981614000000    2.000000000000    0.050619000000    620
0.992619000000    2.000000000000    0.050619000000    621
0.007381000000    2.000000000000    0.095133000000    701
0.018386000000    2.000000000000    0.095133000000    702
0.040148000000    2.000000000000    0.095133000000    703
0.072183000000    2.000000000000    0.095133000000    704
0.113775000000    2.000000000000    0.095133000000    705
0.163995000000    2.000000000000    0.095133000000    706
0.221720000000    2.000000000000    0.095133000000    707
0.285661000000    2.000000000000    0.095133000000    708
0.354391000000    2.000000000000    0.095133000000    709
0.426373000000    2.000000000000    0.095133000000    710
0.500000000000    2.000000000000    0.095133000000    711
0.573627000000    2.000000000000    0.095133000000    712
0.645609000000    2.000000000000    0.095133000000    713
0.714339000000    2.000000000000    0.095133000000    714
0.778280000000    2.000000000000    0.095133000000    715
0.836005000000    2.000000000000    0.095133000000    716
0.886225000000    2.000000000000    0.095133000000    717
0.927817000000    2.000000000000    0.095133000000    718
0.959852000000    2.000000000000    0.095133000000    719
0.981614000000    2.000000000000    0.095133000000    720
0.992619000000    2.000000000000    0.095133000000    721
0.007381000000    2.000000000000    0.128172000000    801
0.018386000000    2.000000000000    0.128172000000    802
0.040148000000    2.000000000000    0.128172000000    803
0.072183000000    2.000000000000    0.128172000000    804
0.113775000000    2.000000000000    0.128172000000    805
0.163995000000    2.000000000000    0.128172000000    806
0.221720000000    2.000000000000    0.128172000000    807
0.285661000000    2.000000000000    0.128172000000    808
0.354391000000    2.000000000000    0.128172000000    809
0.426373000000    2.000000000000    0.128172000000    810
0.500000000000    2.000000000000    0.128172000000    811
0.573627000000    2.000000000000    0.128172000000    812
0.645609000000    2.000000000000    0.128172000000    813
0.714339000000    2.000000000000    0.128172000000    814
0.778280000000    2.000000000000    0.128172000000    815
0.836005000000    2.000000000000    0.128172000000    816
0.886225000000    2.000000000000    0.128172000000    817
0.927817000000    2.000000000000    0.128172000000    818
0.959852000000    2.000000000000    0.128172000000    819
0.981614000000    2.000000000000    0.128172000000    820
0.992619000000    2.000000000000    0.128172000000    821
0.007381000000    2.000000000000    0.145752000000    901
0.018386000000    2.000000000000    0.145752000000    902
0.040148000000    2.000000000000    0.145752000000    903
0.072183000000    2.000000000000    0.145752000000    904
0.113775000000    2.000000000000    0.145752000000    905
0.163995000000    2.000000000000    0.145752000000    906
0.221720000000    2.000000000000    0.145752000000    907
0.285661000000    2.000000000000    0.145752000000    908
0.354391000000    2.000000000000    0.145752000000    909
0.426373000000    2.000000000000    0.145752000000    910
0.500000000000    2.000000000000    0.145752000000    911
0.573627000000    2.000000000000    0.145752000000    912
0.645609000000    2.000000000000    0.145752000000    913
0.714339000000    2.000000000000    0.145752000000    914
0.778280000000    2.000000000000    0.145752000000    915
0.836005000000    2.000000000000    0.145752000000    916
0.886225000000    2.000000000000    0.145752000000    917
0.927817000000    2.000000000000    0.145752000000    918
0.959852000000    2.000000000000    0.145752000000    919
0.981614000000    2.000000000000    0.145752000000    920
0.992619000000    2.000000000000    0.145752000000    921
