# x                 y                 z                 tapCode        tributaryArea
0.007381000000    0.074483000000    -0.150000000000    101    0.001916523693
0.018386000000    0.074483000000    -0.150000000000    102    0.002437176693
0.040148000000    0.074483000000    -0.150000000000    103    0.004001367063
0.072183000000    0.074483000000    -0.150000000000    104    0.005476302633
0.113775000000    0.074483000000    -0.150000000000    105    0.006828884748
0.163995000000    0.074483000000    -0.150000000000    106    0.008028841155
0.221720000000    0.074483000000    -0.150000000000    107    0.009049395414
0.285661000000    0.074483000000    -0.150000000000    108    0.009867936309
0.354391000000    0.074483000000    -0.150000000000    109    0.010466017848
0.426373000000    0.074483000000    -0.150000000000    110    0.010830251811
0.500000000000    0.074483000000    -0.150000000000    111    0.010952605266
0.573627000000    0.074483000000    -0.150000000000    112    0.010830251811
0.645609000000    0.074483000000    -0.150000000000    113    0.010466017848
0.714339000000    0.074483000000    -0.150000000000    114    0.009867936309
0.778280000000    0.074483000000    -0.150000000000    115    0.009049395414
0.836005000000    0.074483000000    -0.150000000000    116    0.008028841155
0.886225000000    0.074483000000    -0.150000000000    117    0.006828884748
0.927817000000    0.074483000000    -0.150000000000    118    0.005476302633
0.959852000000    0.074483000000    -0.150000000000    119    0.004001367063
0.981614000000    0.074483000000    -0.150000000000    120    0.002437176693
0.992619000000    0.074483000000    -0.150000000000    121    0.001916523693
0.007381000000    0.223033000000    -0.150000000000    201    0.001905811063
0.018386000000    0.223033000000    -0.150000000000    202    0.002423553813
0.040148000000    0.223033000000    -0.150000000000    203    0.003979000960
0.072183000000    0.223033000000    -0.150000000000    204    0.005445692208
0.113775000000    0.223033000000    -0.150000000000    205    0.006790713909
0.163995000000    0.223033000000    -0.150000000000    206    0.007983963021
0.221720000000    0.223033000000    -0.150000000000    207    0.008998812774
0.285661000000    0.223033000000    -0.150000000000    208    0.009812778341
0.354391000000    0.223033000000    -0.150000000000    209    0.010407516834
0.426373000000    0.223033000000    -0.150000000000    210    0.010769714869
0.500000000000    0.223033000000    -0.150000000000    211    0.010891384416
0.573627000000    0.223033000000    -0.150000000000    212    0.010769714869
0.645609000000    0.223033000000    -0.150000000000    213    0.010407516834
0.714339000000    0.223033000000    -0.150000000000    214    0.009812778341
0.778280000000    0.223033000000    -0.150000000000    215    0.008998812775
0.836005000000    0.223033000000    -0.150000000000    216    0.007983963021
0.886225000000    0.223033000000    -0.150000000000    217    0.006790713909
0.927817000000    0.223033000000    -0.150000000000    218    0.005445692208
0.959852000000    0.223033000000    -0.150000000000    219    0.003979000960
0.981614000000    0.223033000000    -0.150000000000    220    0.002423553813
0.992619000000    0.223033000000    -0.150000000000    221    0.001905811063
0.007381000000    0.370336000000    -0.150000000000    301    0.001884437336
0.018386000000    0.370336000000    -0.150000000000    302    0.002396373586
0.040148000000    0.370336000000    -0.150000000000    303    0.003934376349
0.072183000000    0.370336000000    -0.150000000000    304    0.005384618611
0.113775000000    0.370336000000    -0.150000000000    305    0.006714555855
0.163995000000    0.370336000000    -0.150000000000    306    0.007894422644
0.221720000000    0.370336000000    -0.150000000000    307    0.008897890827
0.285661000000    0.370336000000    -0.150000000000    308    0.009702727746
0.354391000000    0.370336000000    -0.150000000000    309    0.010290796230
0.426373000000    0.370336000000    -0.150000000000    310    0.010648932204
0.500000000000    0.370336000000    -0.150000000000    311    0.010769237223
0.573627000000    0.370336000000    -0.150000000000    312    0.010648932204
0.645609000000    0.370336000000    -0.150000000000    313    0.010290796230
0.714339000000    0.370336000000    -0.150000000000    314    0.009702727746
0.778280000000    0.370336000000    -0.150000000000    315    0.008897890828
0.836005000000    0.370336000000    -0.150000000000    316    0.007894422644
0.886225000000    0.370336000000    -0.150000000000    317    0.006714555855
0.927817000000    0.370336000000    -0.150000000000    318    0.005384618611
0.959852000000    0.370336000000    -0.150000000000    319    0.003934376349
0.981614000000    0.370336000000    -0.150000000000    320    0.002396373586
0.992619000000    0.370336000000    -0.150000000000    321    0.001884437336
0.007381000000    0.515568000000    -0.150000000000    401    0.001852518465
0.018386000000    0.515568000000    -0.150000000000    402    0.002355783465
0.040148000000    0.515568000000    -0.150000000000    403    0.003867735315
0.072183000000    0.515568000000    -0.150000000000    404    0.005293413165
0.113775000000    0.515568000000    -0.150000000000    405    0.006600823740
0.163995000000    0.515568000000    -0.150000000000    406    0.007760705775
0.221720000000    0.515568000000    -0.150000000000    407    0.008747177070
0.285661000000    0.515568000000    -0.150000000000    408    0.009538381545
0.354391000000    0.515568000000    -0.150000000000    409    0.010116489240
0.426373000000    0.515568000000    -0.150000000000    410    0.010468559055
0.500000000000    0.515568000000    -0.150000000000    411    0.010586826330
0.573627000000    0.515568000000    -0.150000000000    412    0.010468559055
0.645609000000    0.515568000000    -0.150000000000    413    0.010116489240
0.714339000000    0.515568000000    -0.150000000000    414    0.009538381545
0.778280000000    0.515568000000    -0.150000000000    415    0.008747177070
0.836005000000    0.515568000000    -0.150000000000    416    0.007760705775
0.886225000000    0.515568000000    -0.150000000000    417    0.006600823740
0.927817000000    0.515568000000    -0.150000000000    418    0.005293413165
0.959852000000    0.515568000000    -0.150000000000    419    0.003867735315
0.981614000000    0.515568000000    -0.150000000000    420    0.002355783465
0.992619000000    0.515568000000    -0.150000000000    421    0.001852518465
0.007381000000    0.657916000000    -0.150000000000    501    0.001810241260
0.018386000000    0.657916000000    -0.150000000000    502    0.002302021010
0.040148000000    0.657916000000    -0.150000000000    503    0.003779467887
0.072183000000    0.657916000000    -0.150000000000    504    0.005172609665
0.113775000000    0.657916000000    -0.150000000000    505    0.006450183201
0.163995000000    0.657916000000    -0.150000000000    506    0.007583595016
0.221720000000    0.657916000000    -0.150000000000    507    0.008547553580
0.285661000000    0.657916000000    -0.150000000000    508    0.009320701602
0.354391000000    0.657916000000    -0.150000000000    509    0.009885616026
0.426373000000    0.657916000000    -0.150000000000    510    0.010229651088
0.500000000000    0.657916000000    -0.150000000000    511    0.010345219330
0.573627000000    0.657916000000    -0.150000000000    512    0.010229651088
0.645609000000    0.657916000000    -0.150000000000    513    0.009885616026
0.714339000000    0.657916000000    -0.150000000000    514    0.009320701602
0.778280000000    0.657916000000    -0.150000000000    515    0.008547553581
0.836005000000    0.657916000000    -0.150000000000    516    0.007583595016
0.886225000000    0.657916000000    -0.150000000000    517    0.006450183201
0.927817000000    0.657916000000    -0.150000000000    518    0.005172609665
0.959852000000    0.657916000000    -0.150000000000    519    0.003779467887
0.981614000000    0.657916000000    -0.150000000000    520    0.002302021010
0.992619000000    0.657916000000    -0.150000000000    521    0.001810241260
0.007381000000    0.796585000000    -0.150000000000    601    0.001757844065
0.018386000000    0.796585000000    -0.150000000000    602    0.002235389315
0.040148000000    0.796585000000    -0.150000000000    603    0.003670071688
0.072183000000    0.796585000000    -0.150000000000    604    0.005022889160
0.113775000000    0.796585000000    -0.150000000000    605    0.006263483499
0.163995000000    0.796585000000    -0.150000000000    606    0.007364088859
0.221720000000    0.796585000000    -0.150000000000    607    0.008300145769
0.285661000000    0.796585000000    -0.150000000000    608    0.009050915123
0.354391000000    0.796585000000    -0.150000000000    609    0.009599478174
0.426373000000    0.796585000000    -0.150000000000    610    0.009933555187
0.500000000000    0.796585000000    -0.150000000000    611    0.010045778321
0.573627000000    0.796585000000    -0.150000000000    612    0.009933555187
0.645609000000    0.796585000000    -0.150000000000    613    0.009599478174
0.714339000000    0.796585000000    -0.150000000000    614    0.009050915123
0.778280000000    0.796585000000    -0.150000000000    615    0.008300145770
0.836005000000    0.796585000000    -0.150000000000    616    0.007364088859
0.886225000000    0.796585000000    -0.150000000000    617    0.006263483499
0.927817000000    0.796585000000    -0.150000000000    618    0.005022889160
0.959852000000    0.796585000000    -0.150000000000    619    0.003670071688
0.981614000000    0.796585000000    -0.150000000000    620    0.002235389315
0.992619000000    0.796585000000    -0.150000000000    621    0.001757844065
0.007381000000    0.930799000000    -0.150000000000    701    0.001695616760
0.018386000000    0.930799000000    -0.150000000000    702    0.002156257010
0.040148000000    0.930799000000    -0.150000000000    703    0.003540151933
0.072183000000    0.930799000000    -0.150000000000    704    0.004845079955
0.113775000000    0.930799000000    -0.150000000000    705    0.006041757519
0.163995000000    0.930799000000    -0.150000000000    706    0.007103401684
0.221720000000    0.930799000000    -0.150000000000    707    0.008006322380
0.285661000000    0.930799000000    -0.150000000000    708    0.008730514658
0.354391000000    0.930799000000    -0.150000000000    709    0.009259658694
0.426373000000    0.930799000000    -0.150000000000    710    0.009581909452
0.500000000000    0.930799000000    -0.150000000000    711    0.009690159911
0.573627000000    0.930799000000    -0.150000000000    712    0.009581909452
0.645609000000    0.930799000000    -0.150000000000    713    0.009259658694
0.714339000000    0.930799000000    -0.150000000000    714    0.008730514658
0.778280000000    0.930799000000    -0.150000000000    715    0.008006322380
0.836005000000    0.930799000000    -0.150000000000    716    0.007103401684
0.886225000000    0.930799000000    -0.150000000000    717    0.006041757519
0.927817000000    0.930799000000    -0.150000000000    718    0.004845079955
0.959852000000    0.930799000000    -0.150000000000    719    0.003540151933
0.981614000000    0.930799000000    -0.150000000000    720    0.002156257010
0.992619000000    0.930799000000    -0.150000000000    721    0.001695616760
0.007381000000    1.059808000000    -0.150000000000    801    0.001623907199
0.018386000000    1.059808000000    -0.150000000000    802    0.002065066449
0.040148000000    1.059808000000    -0.150000000000    803    0.003390434882
0.072183000000    1.059808000000    -0.150000000000    804    0.004640176014
0.113775000000    1.059808000000    -0.150000000000    805    0.005786244723
0.163995000000    1.059808000000    -0.150000000000    806    0.006802990749
0.221720000000    1.059808000000    -0.150000000000    807    0.007667725901
0.285661000000    1.059808000000    -0.150000000000    808    0.008361291265
0.354391000000    1.059808000000    -0.150000000000    809    0.008868057198
0.426373000000    1.059808000000    -0.150000000000    810    0.009176679605
0.500000000000    1.059808000000    -0.150000000000    811    0.009280352028
0.573627000000    1.059808000000    -0.150000000000    812    0.009176679605
0.645609000000    1.059808000000    -0.150000000000    813    0.008868057198
0.714339000000    1.059808000000    -0.150000000000    814    0.008361291265
0.778280000000    1.059808000000    -0.150000000000    815    0.007667725901
0.836005000000    1.059808000000    -0.150000000000    816    0.006802990749
0.886225000000    1.059808000000    -0.150000000000    817    0.005786244723
0.927817000000    1.059808000000    -0.150000000000    818    0.004640176014
0.959852000000    1.059808000000    -0.150000000000    819    0.003390434882
0.981614000000    1.059808000000    -0.150000000000    820    0.002065066449
0.992619000000    1.059808000000    -0.150000000000    821    0.001623907199
0.007381000000    1.182890000000    -0.150000000000    901    0.001543114771
0.018386000000    1.182890000000    -0.150000000000    902    0.001962325521
0.040148000000    1.182890000000    -0.150000000000    903    0.003221754388
0.072183000000    1.182890000000    -0.150000000000    904    0.004409318556
0.113775000000    1.182890000000    -0.150000000000    905    0.005498368197
0.163995000000    1.182890000000    -0.150000000000    906    0.006464529201
0.221720000000    1.182890000000    -0.150000000000    907    0.007286242159
0.285661000000    1.182890000000    -0.150000000000    908    0.007945301345
0.354391000000    1.182890000000    -0.150000000000    909    0.008426854722
0.426373000000    1.182890000000    -0.150000000000    910    0.008720122585
0.500000000000    1.182890000000    -0.150000000000    911    0.008818637112
0.573627000000    1.182890000000    -0.150000000000    912    0.008720122585
0.645609000000    1.182890000000    -0.150000000000    913    0.008426854722
0.714339000000    1.182890000000    -0.150000000000    914    0.007945301345
0.778280000000    1.182890000000    -0.150000000000    915    0.007286242159
0.836005000000    1.182890000000    -0.150000000000    916    0.006464529201
0.886225000000    1.182890000000    -0.150000000000    917    0.005498368197
0.927817000000    1.182890000000    -0.150000000000    918    0.004409318556
0.959852000000    1.182890000000    -0.150000000000    919    0.003221754388
0.981614000000    1.182890000000    -0.150000000000    920    0.001962325521
0.992619000000    1.182890000000    -0.150000000000    921    0.001543114771
0.007381000000    1.299357000000    -0.150000000000    1001    0.001453690397
0.018386000000    1.299357000000    -0.150000000000    1002    0.001848607647
0.040148000000    1.299357000000    -0.150000000000    1003    0.003035051900
0.072183000000    1.299357000000    -0.150000000000    1004    0.004153796052
0.113775000000    1.299357000000    -0.150000000000    1005    0.005179734651
0.163995000000    1.299357000000    -0.150000000000    1006    0.006089906079
0.221720000000    1.299357000000    -0.150000000000    1007    0.006864000305
0.285661000000    1.299357000000    -0.150000000000    1008    0.007484866639
0.354391000000    1.299357000000    -0.150000000000    1009    0.007938513726
0.426373000000    1.299357000000    -0.150000000000    1010    0.008214786551
0.500000000000    1.299357000000    -0.150000000000    1011    0.008307592105
0.573627000000    1.299357000000    -0.150000000000    1012    0.008214786551
0.645609000000    1.299357000000    -0.150000000000    1013    0.007938513726
0.714339000000    1.299357000000    -0.150000000000    1014    0.007484866639
0.778280000000    1.299357000000    -0.150000000000    1015    0.006864000306
0.836005000000    1.299357000000    -0.150000000000    1016    0.006089906079
0.886225000000    1.299357000000    -0.150000000000    1017    0.005179734651
0.927817000000    1.299357000000    -0.150000000000    1018    0.004153796052
0.959852000000    1.299357000000    -0.150000000000    1019    0.003035051900
0.981614000000    1.299357000000    -0.150000000000    1020    0.001848607647
0.992619000000    1.299357000000    -0.150000000000    1021    0.001453690397
0.007381000000    1.408557000000    -0.150000000000    1101    0.001356136535
0.018386000000    1.408557000000    -0.150000000000    1102    0.001724551785
0.040148000000    1.408557000000    -0.150000000000    1103    0.002831376458
0.072183000000    1.408557000000    -0.150000000000    1104    0.003875044230
0.113775000000    1.408557000000    -0.150000000000    1105    0.004832134419
0.163995000000    1.408557000000    -0.150000000000    1106    0.005681226309
0.221720000000    1.408557000000    -0.150000000000    1107    0.006403372829
0.285661000000    1.408557000000    -0.150000000000    1108    0.006982574233
0.354391000000    1.408557000000    -0.150000000000    1109    0.007405778094
0.426373000000    1.408557000000    -0.150000000000    1110    0.007663510877
0.500000000000    1.408557000000    -0.150000000000    1111    0.007750088460
0.573627000000    1.408557000000    -0.150000000000    1112    0.007663510877
0.645609000000    1.408557000000    -0.150000000000    1113    0.007405778094
0.714339000000    1.408557000000    -0.150000000000    1114    0.006982574233
0.778280000000    1.408557000000    -0.150000000000    1115    0.006403372829
0.836005000000    1.408557000000    -0.150000000000    1116    0.005681226309
0.886225000000    1.408557000000    -0.150000000000    1117    0.004832134419
0.927817000000    1.408557000000    -0.150000000000    1118    0.003875044230
0.959852000000    1.408557000000    -0.150000000000    1119    0.002831376458
0.981614000000    1.408557000000    -0.150000000000    1120    0.001724551785
0.992619000000    1.408557000000    -0.150000000000    1121    0.001356136535
0.007381000000    1.509880000000    -0.150000000000    1201    0.001251000734
0.018386000000    1.509880000000    -0.150000000000    1202    0.001590854234
0.040148000000    1.509880000000    -0.150000000000    1203    0.002611871249
0.072183000000    1.509880000000    -0.150000000000    1204    0.003574627664
0.113775000000    1.509880000000    -0.150000000000    1205    0.004457518506
0.163995000000    1.509880000000    -0.150000000000    1206    0.005240783723
0.221720000000    1.509880000000    -0.150000000000    1207    0.005906945133
0.285661000000    1.509880000000    -0.150000000000    1208    0.006441243386
0.354391000000    1.509880000000    -0.150000000000    1209    0.006831637956
0.426373000000    1.509880000000    -0.150000000000    1210    0.007069389755
0.500000000000    1.509880000000    -0.150000000000    1211    0.007149255327
0.573627000000    1.509880000000    -0.150000000000    1212    0.007069389755
0.645609000000    1.509880000000    -0.150000000000    1213    0.006831637956
0.714339000000    1.509880000000    -0.150000000000    1214    0.006441243386
0.778280000000    1.509880000000    -0.150000000000    1215    0.005906945133
0.836005000000    1.509880000000    -0.150000000000    1216    0.005240783723
0.886225000000    1.509880000000    -0.150000000000    1217    0.004457518506
0.927817000000    1.509880000000    -0.150000000000    1218    0.003574627663
0.959852000000    1.509880000000    -0.150000000000    1219    0.002611871249
0.981614000000    1.509880000000    -0.150000000000    1220    0.001590854233
0.992619000000    1.509880000000    -0.150000000000    1221    0.001251000734
0.007381000000    1.602759000000    -0.150000000000    1301    0.001138869191
0.018386000000    1.602759000000    -0.150000000000    1302    0.001448260441
0.040148000000    1.602759000000    -0.150000000000    1303    0.002377760154
0.072183000000    1.602759000000    -0.150000000000    1304    0.003254221366
0.113775000000    1.602759000000    -0.150000000000    1305    0.004057975635
0.163995000000    1.602759000000    -0.150000000000    1306    0.004771034069
0.221720000000    1.602759000000    -0.150000000000    1307    0.005377485117
0.285661000000    1.602759000000    -0.150000000000    1308    0.005863892361
0.354391000000    1.602759000000    -0.150000000000    1309    0.006219294510
0.426373000000    1.602759000000    -0.150000000000    1310    0.006435735789
0.500000000000    1.602759000000    -0.150000000000    1311    0.006508442732
0.573627000000    1.602759000000    -0.150000000000    1312    0.006435735789
0.645609000000    1.602759000000    -0.150000000000    1313    0.006219294510
0.714339000000    1.602759000000    -0.150000000000    1314    0.005863892361
0.778280000000    1.602759000000    -0.150000000000    1315    0.005377485117
0.836005000000    1.602759000000    -0.150000000000    1316    0.004771034069
0.886225000000    1.602759000000    -0.150000000000    1317    0.004057975635
0.927817000000    1.602759000000    -0.150000000000    1318    0.003254221366
0.959852000000    1.602759000000    -0.150000000000    1319    0.002377760154
0.981614000000    1.602759000000    -0.150000000000    1320    0.001448260441
0.992619000000    1.602759000000    -0.150000000000    1321    0.001138869191
0.007381000000    1.686675000000    -0.150000000000    1401    0.001020366758
0.018386000000    1.686675000000    -0.150000000000    1402    0.001297565008
0.040148000000    1.686675000000    -0.150000000000    1403    0.002130347751
0.072183000000    1.686675000000    -0.150000000000    1404    0.002915610793
0.113775000000    1.686675000000    -0.150000000000    1405    0.003635732247
0.163995000000    1.686675000000    -0.150000000000    1406    0.004274595014
0.221720000000    1.686675000000    -0.150000000000    1407    0.004817943184
0.285661000000    1.686675000000    -0.150000000000    1408    0.005253738432
0.354391000000    1.686675000000    -0.150000000000    1409    0.005572160022
0.426373000000    1.686675000000    -0.150000000000    1410    0.005766079998
0.500000000000    1.686675000000    -0.150000000000    1411    0.005831221587
0.573627000000    1.686675000000    -0.150000000000    1412    0.005766079998
0.645609000000    1.686675000000    -0.150000000000    1413    0.005572160022
0.714339000000    1.686675000000    -0.150000000000    1414    0.005253738432
0.778280000000    1.686675000000    -0.150000000000    1415    0.004817943184
0.836005000000    1.686675000000    -0.150000000000    1416    0.004274595014
0.886225000000    1.686675000000    -0.150000000000    1417    0.003635732247
0.927817000000    1.686675000000    -0.150000000000    1418    0.002915610793
0.959852000000    1.686675000000    -0.150000000000    1419    0.002130347751
0.981614000000    1.686675000000    -0.150000000000    1420    0.001297565008
0.992619000000    1.686675000000    -0.150000000000    1421    0.001020366758
0.007381000000    1.761158000000    -0.150000000000    1501    0.000896156935
0.018386000000    1.761158000000    -0.150000000000    1502    0.001139611685
0.040148000000    1.761158000000    -0.150000000000    1503    0.001871019312
0.072183000000    1.761158000000    -0.150000000000    1504    0.002560691840
0.113775000000    1.761158000000    -0.150000000000    1505    0.003193152501
0.163995000000    1.761158000000    -0.150000000000    1506    0.003754246141
0.221720000000    1.761158000000    -0.150000000000    1507    0.004231452230
0.285661000000    1.761158000000    -0.150000000000    1508    0.004614197877
0.354391000000    1.761158000000    -0.150000000000    1509    0.004893857826
0.426373000000    1.761158000000    -0.150000000000    1510    0.005064171813
0.500000000000    1.761158000000    -0.150000000000    1511    0.005121383679
0.573627000000    1.761158000000    -0.150000000000    1512    0.005064171813
0.645609000000    1.761158000000    -0.150000000000    1513    0.004893857826
0.714339000000    1.761158000000    -0.150000000000    1514    0.004614197877
0.778280000000    1.761158000000    -0.150000000000    1515    0.004231452230
0.836005000000    1.761158000000    -0.150000000000    1516    0.003754246141
0.886225000000    1.761158000000    -0.150000000000    1517    0.003193152501
0.927817000000    1.761158000000    -0.150000000000    1518    0.002560691840
0.959852000000    1.761158000000    -0.150000000000    1519    0.001871019312
0.981614000000    1.761158000000    -0.150000000000    1520    0.001139611685
0.992619000000    1.761158000000    -0.150000000000    1521    0.000896156935
0.007381000000    1.825792000000    -0.150000000000    1601    0.000766941872
0.018386000000    1.825792000000    -0.150000000000    1602    0.000975293372
0.040148000000    1.825792000000    -0.150000000000    1603    0.001601240807
0.072183000000    1.825792000000    -0.150000000000    1604    0.002191470842
0.113775000000    1.825792000000    -0.150000000000    1605    0.002732738274
0.163995000000    1.825792000000    -0.150000000000    1606    0.003212928953
0.221720000000    1.825792000000    -0.150000000000    1607    0.003621327657
0.285661000000    1.825792000000    -0.150000000000    1608    0.003948885980
0.354391000000    1.825792000000    -0.150000000000    1609    0.004188222324
0.426373000000    1.825792000000    -0.150000000000    1610    0.004333979081
0.500000000000    1.825792000000    -0.150000000000    1611    0.004382941683
0.573627000000    1.825792000000    -0.150000000000    1612    0.004333979081
0.645609000000    1.825792000000    -0.150000000000    1613    0.004188222324
0.714339000000    1.825792000000    -0.150000000000    1614    0.003948885980
0.778280000000    1.825792000000    -0.150000000000    1615    0.003621327657
0.836005000000    1.825792000000    -0.150000000000    1616    0.003212928953
0.886225000000    1.825792000000    -0.150000000000    1617    0.002732738274
0.927817000000    1.825792000000    -0.150000000000    1618    0.002191470842
0.959852000000    1.825792000000    -0.150000000000    1619    0.001601240807
0.981614000000    1.825792000000    -0.150000000000    1620    0.000975293371
0.992619000000    1.825792000000    -0.150000000000    1621    0.000766941872
0.007381000000    1.880216000000    -0.150000000000    1701    0.000633430161
0.018386000000    1.880216000000    -0.150000000000    1702    0.000805511161
0.040148000000    1.880216000000    -0.150000000000    1703    0.001322491651
0.072183000000    1.880216000000    -0.150000000000    1704    0.001809972541
0.113775000000    1.880216000000    -0.150000000000    1705    0.002257014396
0.163995000000    1.880216000000    -0.150000000000    1706    0.002653611935
0.221720000000    1.880216000000    -0.150000000000    1707    0.002990915278
0.285661000000    1.880216000000    -0.150000000000    1708    0.003261451193
0.354391000000    1.880216000000    -0.150000000000    1709    0.003459123096
0.426373000000    1.880216000000    -0.150000000000    1710    0.003579506047
0.500000000000    1.880216000000    -0.150000000000    1711    0.003619945082
0.573627000000    1.880216000000    -0.150000000000    1712    0.003579506047
0.645609000000    1.880216000000    -0.150000000000    1713    0.003459123096
0.714339000000    1.880216000000    -0.150000000000    1714    0.003261451193
0.778280000000    1.880216000000    -0.150000000000    1715    0.002990915278
0.836005000000    1.880216000000    -0.150000000000    1716    0.002653611935
0.886225000000    1.880216000000    -0.150000000000    1717    0.002257014396
0.927817000000    1.880216000000    -0.150000000000    1718    0.001809972541
0.959852000000    1.880216000000    -0.150000000000    1719    0.001322491651
0.981614000000    1.880216000000    -0.150000000000    1720    0.000805511161
0.992619000000    1.880216000000    -0.150000000000    1721    0.000633430161
0.007381000000    1.924124000000    -0.150000000000    1801    0.000496375488
0.018386000000    1.924124000000    -0.150000000000    1802    0.000631223488
0.040148000000    1.924124000000    -0.150000000000    1803    0.001036345408
0.072183000000    1.924124000000    -0.150000000000    1804    0.001418350528
0.113775000000    1.924124000000    -0.150000000000    1805    0.001768666368
0.163995000000    1.924124000000    -0.150000000000    1806    0.002079452480
0.221720000000    1.924124000000    -0.150000000000    1807    0.002343773824
0.285661000000    1.924124000000    -0.150000000000    1808    0.002555774144
0.354391000000    1.924124000000    -0.150000000000    1809    0.002710675968
0.426373000000    1.924124000000    -0.150000000000    1810    0.002805011776
0.500000000000    1.924124000000    -0.150000000000    1811    0.002836701056
0.573627000000    1.924124000000    -0.150000000000    1812    0.002805011776
0.645609000000    1.924124000000    -0.150000000000    1813    0.002710675968
0.714339000000    1.924124000000    -0.150000000000    1814    0.002555774144
0.778280000000    1.924124000000    -0.150000000000    1815    0.002343773824
0.836005000000    1.924124000000    -0.150000000000    1816    0.002079452480
0.886225000000    1.924124000000    -0.150000000000    1817    0.001768666368
0.927817000000    1.924124000000    -0.150000000000    1818    0.001418350528
0.959852000000    1.924124000000    -0.150000000000    1819    0.001036345408
0.981614000000    1.924124000000    -0.150000000000    1820    0.000631223488
0.992619000000    1.924124000000    -0.150000000000    1821    0.000496375488
0.007381000000    1.957272000000    -0.150000000000    1901    0.000356557304
0.018386000000    1.957272000000    -0.150000000000    1902    0.000453421554
0.040148000000    1.957272000000    -0.150000000000    1903    0.000744429437
0.072183000000    1.957272000000    -0.150000000000    1904    0.001018832019
0.113775000000    1.957272000000    -0.150000000000    1905    0.001270471503
0.163995000000    1.957272000000    -0.150000000000    1906    0.001493715924
0.221720000000    1.957272000000    -0.150000000000    1907    0.001683583692
0.285661000000    1.957272000000    -0.150000000000    1908    0.001835868130
0.354391000000    1.957272000000    -0.150000000000    1909    0.001947137478
0.426373000000    1.957272000000    -0.150000000000    1910    0.002014900940
0.500000000000    1.957272000000    -0.150000000000    1911    0.002037664039
0.573627000000    1.957272000000    -0.150000000000    1912    0.002014900940
0.645609000000    1.957272000000    -0.150000000000    1913    0.001947137478
0.714339000000    1.957272000000    -0.150000000000    1914    0.001835868130
0.778280000000    1.957272000000    -0.150000000000    1915    0.001683583692
0.836005000000    1.957272000000    -0.150000000000    1916    0.001493715924
0.886225000000    1.957272000000    -0.150000000000    1917    0.001270471503
0.927817000000    1.957272000000    -0.150000000000    1918    0.001018832019
0.959852000000    1.957272000000    -0.150000000000    1919    0.000744429437
0.981614000000    1.957272000000    -0.150000000000    1920    0.000453421554
0.992619000000    1.957272000000    -0.150000000000    1921    0.000356557304
0.007381000000    1.979475000000    -0.150000000000    2001    0.000214735736
0.018386000000    1.979475000000    -0.150000000000    2002    0.000273071986
0.040148000000    1.979475000000    -0.150000000000    2003    0.000448330749
0.072183000000    1.979475000000    -0.150000000000    2004    0.000613589011
0.113775000000    1.979475000000    -0.150000000000    2005    0.000765138255
0.163995000000    1.979475000000    -0.150000000000    2006    0.000899586644
0.221720000000    1.979475000000    -0.150000000000    2007    0.001013934028
0.285661000000    1.979475000000    -0.150000000000    2008    0.001105646946
0.354391000000    1.979475000000    -0.150000000000    2009    0.001172658630
0.426373000000    1.979475000000    -0.150000000000    2010    0.001213469004
0.500000000000    1.979475000000    -0.150000000000    2011    0.001227178023
0.573627000000    1.979475000000    -0.150000000000    2012    0.001213469004
0.645609000000    1.979475000000    -0.150000000000    2013    0.001172658630
0.714339000000    1.979475000000    -0.150000000000    2014    0.001105646946
0.778280000000    1.979475000000    -0.150000000000    2015    0.001013934028
0.836005000000    1.979475000000    -0.150000000000    2016    0.000899586644
0.886225000000    1.979475000000    -0.150000000000    2017    0.000765138255
0.927817000000    1.979475000000    -0.150000000000    2018    0.000613589011
0.959852000000    1.979475000000    -0.150000000000    2019    0.000448330749
0.981614000000    1.979475000000    -0.150000000000    2020    0.000273071986
0.992619000000    1.979475000000    -0.150000000000    2021    0.000214735736
0.007381000000    1.990607000000    -0.150000000000    2101    0.000192724276
0.018386000000    1.990607000000    -0.150000000000    2102    0.000245080776
0.040148000000    1.990607000000    -0.150000000000    2103    0.000402374661
0.072183000000    1.990607000000    -0.150000000000    2104    0.000550693146
0.113775000000    1.990607000000    -0.150000000000    2105    0.000686707854
0.163995000000    1.990607000000    -0.150000000000    2106    0.000807374627
0.221720000000    1.990607000000    -0.150000000000    2107    0.000910000847
0.285661000000    1.990607000000    -0.150000000000    2108    0.000992312744
0.354391000000    1.990607000000    -0.150000000000    2109    0.001052455404
0.426373000000    1.990607000000    -0.150000000000    2110    0.001089082515
0.500000000000    1.990607000000    -0.150000000000    2111    0.001101386293
0.573627000000    1.990607000000    -0.150000000000    2112    0.001089082515
0.645609000000    1.990607000000    -0.150000000000    2113    0.001052455404
0.714339000000    1.990607000000    -0.150000000000    2114    0.000992312744
0.778280000000    1.990607000000    -0.150000000000    2115    0.000910000847
0.836005000000    1.990607000000    -0.150000000000    2116    0.000807374627
0.886225000000    1.990607000000    -0.150000000000    2117    0.000686707854
0.927817000000    1.990607000000    -0.150000000000    2118    0.000550693146
0.959852000000    1.990607000000    -0.150000000000    2119    0.000402374661
0.981614000000    1.990607000000    -0.150000000000    2120    0.000245080776
0.992619000000    1.990607000000    -0.150000000000    2121    0.000192724276
