441 points
    0.007381    0.074483    -0.150000
    0.018386    0.074483    -0.150000
    0.040148    0.074483    -0.150000
    0.072183    0.074483    -0.150000
    0.113775    0.074483    -0.150000
    0.163995    0.074483    -0.150000
    0.221720    0.074483    -0.150000
    0.285661    0.074483    -0.150000
    0.354391    0.074483    -0.150000
    0.426373    0.074483    -0.150000
    0.500000    0.074483    -0.150000
    0.573627    0.074483    -0.150000
    0.645609    0.074483    -0.150000
    0.714339    0.074483    -0.150000
    0.778280    0.074483    -0.150000
    0.836005    0.074483    -0.150000
    0.886225    0.074483    -0.150000
    0.927817    0.074483    -0.150000
    0.959852    0.074483    -0.150000
    0.981614    0.074483    -0.150000
    0.992619    0.074483    -0.150000
    0.007381    0.223033    -0.150000
    0.018386    0.223033    -0.150000
    0.040148    0.223033    -0.150000
    0.072183    0.223033    -0.150000
    0.113775    0.223033    -0.150000
    0.163995    0.223033    -0.150000
    0.221720    0.223033    -0.150000
    0.285661    0.223033    -0.150000
    0.354391    0.223033    -0.150000
    0.426373    0.223033    -0.150000
    0.500000    0.223033    -0.150000
    0.573627    0.223033    -0.150000
    0.645609    0.223033    -0.150000
    0.714339    0.223033    -0.150000
    0.778280    0.223033    -0.150000
    0.836005    0.223033    -0.150000
    0.886225    0.223033    -0.150000
    0.927817    0.223033    -0.150000
    0.959852    0.223033    -0.150000
    0.981614    0.223033    -0.150000
    0.992619    0.223033    -0.150000
    0.007381    0.370336    -0.150000
    0.018386    0.370336    -0.150000
    0.040148    0.370336    -0.150000
    0.072183    0.370336    -0.150000
    0.113775    0.370336    -0.150000
    0.163995    0.370336    -0.150000
    0.221720    0.370336    -0.150000
    0.285661    0.370336    -0.150000
    0.354391    0.370336    -0.150000
    0.426373    0.370336    -0.150000
    0.500000    0.370336    -0.150000
    0.573627    0.370336    -0.150000
    0.645609    0.370336    -0.150000
    0.714339    0.370336    -0.150000
    0.778280    0.370336    -0.150000
    0.836005    0.370336    -0.150000
    0.886225    0.370336    -0.150000
    0.927817    0.370336    -0.150000
    0.959852    0.370336    -0.150000
    0.981614    0.370336    -0.150000
    0.992619    0.370336    -0.150000
    0.007381    0.515568    -0.150000
    0.018386    0.515568    -0.150000
    0.040148    0.515568    -0.150000
    0.072183    0.515568    -0.150000
    0.113775    0.515568    -0.150000
    0.163995    0.515568    -0.150000
    0.221720    0.515568    -0.150000
    0.285661    0.515568    -0.150000
    0.354391    0.515568    -0.150000
    0.426373    0.515568    -0.150000
    0.500000    0.515568    -0.150000
    0.573627    0.515568    -0.150000
    0.645609    0.515568    -0.150000
    0.714339    0.515568    -0.150000
    0.778280    0.515568    -0.150000
    0.836005    0.515568    -0.150000
    0.886225    0.515568    -0.150000
    0.927817    0.515568    -0.150000
    0.959852    0.515568    -0.150000
    0.981614    0.515568    -0.150000
    0.992619    0.515568    -0.150000
    0.007381    0.657916    -0.150000
    0.018386    0.657916    -0.150000
    0.040148    0.657916    -0.150000
    0.072183    0.657916    -0.150000
    0.113775    0.657916    -0.150000
    0.163995    0.657916    -0.150000
    0.221720    0.657916    -0.150000
    0.285661    0.657916    -0.150000
    0.354391    0.657916    -0.150000
    0.426373    0.657916    -0.150000
    0.500000    0.657916    -0.150000
    0.573627    0.657916    -0.150000
    0.645609    0.657916    -0.150000
    0.714339    0.657916    -0.150000
    0.778280    0.657916    -0.150000
    0.836005    0.657916    -0.150000
    0.886225    0.657916    -0.150000
    0.927817    0.657916    -0.150000
    0.959852    0.657916    -0.150000
    0.981614    0.657916    -0.150000
    0.992619    0.657916    -0.150000
    0.007381    0.796585    -0.150000
    0.018386    0.796585    -0.150000
    0.040148    0.796585    -0.150000
    0.072183    0.796585    -0.150000
    0.113775    0.796585    -0.150000
    0.163995    0.796585    -0.150000
    0.221720    0.796585    -0.150000
    0.285661    0.796585    -0.150000
    0.354391    0.796585    -0.150000
    0.426373    0.796585    -0.150000
    0.500000    0.796585    -0.150000
    0.573627    0.796585    -0.150000
    0.645609    0.796585    -0.150000
    0.714339    0.796585    -0.150000
    0.778280    0.796585    -0.150000
    0.836005    0.796585    -0.150000
    0.886225    0.796585    -0.150000
    0.927817    0.796585    -0.150000
    0.959852    0.796585    -0.150000
    0.981614    0.796585    -0.150000
    0.992619    0.796585    -0.150000
    0.007381    0.930799    -0.150000
    0.018386    0.930799    -0.150000
    0.040148    0.930799    -0.150000
    0.072183    0.930799    -0.150000
    0.113775    0.930799    -0.150000
    0.163995    0.930799    -0.150000
    0.221720    0.930799    -0.150000
    0.285661    0.930799    -0.150000
    0.354391    0.930799    -0.150000
    0.426373    0.930799    -0.150000
    0.500000    0.930799    -0.150000
    0.573627    0.930799    -0.150000
    0.645609    0.930799    -0.150000
    0.714339    0.930799    -0.150000
    0.778280    0.930799    -0.150000
    0.836005    0.930799    -0.150000
    0.886225    0.930799    -0.150000
    0.927817    0.930799    -0.150000
    0.959852    0.930799    -0.150000
    0.981614    0.930799    -0.150000
    0.992619    0.930799    -0.150000
    0.007381    1.059808    -0.150000
    0.018386    1.059808    -0.150000
    0.040148    1.059808    -0.150000
    0.072183    1.059808    -0.150000
    0.113775    1.059808    -0.150000
    0.163995    1.059808    -0.150000
    0.221720    1.059808    -0.150000
    0.285661    1.059808    -0.150000
    0.354391    1.059808    -0.150000
    0.426373    1.059808    -0.150000
    0.500000    1.059808    -0.150000
    0.573627    1.059808    -0.150000
    0.645609    1.059808    -0.150000
    0.714339    1.059808    -0.150000
    0.778280    1.059808    -0.150000
    0.836005    1.059808    -0.150000
    0.886225    1.059808    -0.150000
    0.927817    1.059808    -0.150000
    0.959852    1.059808    -0.150000
    0.981614    1.059808    -0.150000
    0.992619    1.059808    -0.150000
    0.007381    1.182890    -0.150000
    0.018386    1.182890    -0.150000
    0.040148    1.182890    -0.150000
    0.072183    1.182890    -0.150000
    0.113775    1.182890    -0.150000
    0.163995    1.182890    -0.150000
    0.221720    1.182890    -0.150000
    0.285661    1.182890    -0.150000
    0.354391    1.182890    -0.150000
    0.426373    1.182890    -0.150000
    0.500000    1.182890    -0.150000
    0.573627    1.182890    -0.150000
    0.645609    1.182890    -0.150000
    0.714339    1.182890    -0.150000
    0.778280    1.182890    -0.150000
    0.836005    1.182890    -0.150000
    0.886225    1.182890    -0.150000
    0.927817    1.182890    -0.150000
    0.959852    1.182890    -0.150000
    0.981614    1.182890    -0.150000
    0.992619    1.182890    -0.150000
    0.007381    1.299357    -0.150000
    0.018386    1.299357    -0.150000
    0.040148    1.299357    -0.150000
    0.072183    1.299357    -0.150000
    0.113775    1.299357    -0.150000
    0.163995    1.299357    -0.150000
    0.221720    1.299357    -0.150000
    0.285661    1.299357    -0.150000
    0.354391    1.299357    -0.150000
    0.426373    1.299357    -0.150000
    0.500000    1.299357    -0.150000
    0.573627    1.299357    -0.150000
    0.645609    1.299357    -0.150000
    0.714339    1.299357    -0.150000
    0.778280    1.299357    -0.150000
    0.836005    1.299357    -0.150000
    0.886225    1.299357    -0.150000
    0.927817    1.299357    -0.150000
    0.959852    1.299357    -0.150000
    0.981614    1.299357    -0.150000
    0.992619    1.299357    -0.150000
    0.007381    1.408557    -0.150000
    0.018386    1.408557    -0.150000
    0.040148    1.408557    -0.150000
    0.072183    1.408557    -0.150000
    0.113775    1.408557    -0.150000
    0.163995    1.408557    -0.150000
    0.221720    1.408557    -0.150000
    0.285661    1.408557    -0.150000
    0.354391    1.408557    -0.150000
    0.426373    1.408557    -0.150000
    0.500000    1.408557    -0.150000
    0.573627    1.408557    -0.150000
    0.645609    1.408557    -0.150000
    0.714339    1.408557    -0.150000
    0.778280    1.408557    -0.150000
    0.836005    1.408557    -0.150000
    0.886225    1.408557    -0.150000
    0.927817    1.408557    -0.150000
    0.959852    1.408557    -0.150000
    0.981614    1.408557    -0.150000
    0.992619    1.408557    -0.150000
    0.007381    1.509880    -0.150000
    0.018386    1.509880    -0.150000
    0.040148    1.509880    -0.150000
    0.072183    1.509880    -0.150000
    0.113775    1.509880    -0.150000
    0.163995    1.509880    -0.150000
    0.221720    1.509880    -0.150000
    0.285661    1.509880    -0.150000
    0.354391    1.509880    -0.150000
    0.426373    1.509880    -0.150000
    0.500000    1.509880    -0.150000
    0.573627    1.509880    -0.150000
    0.645609    1.509880    -0.150000
    0.714339    1.509880    -0.150000
    0.778280    1.509880    -0.150000
    0.836005    1.509880    -0.150000
    0.886225    1.509880    -0.150000
    0.927817    1.509880    -0.150000
    0.959852    1.509880    -0.150000
    0.981614    1.509880    -0.150000
    0.992619    1.509880    -0.150000
    0.007381    1.602759    -0.150000
    0.018386    1.602759    -0.150000
    0.040148    1.602759    -0.150000
    0.072183    1.602759    -0.150000
    0.113775    1.602759    -0.150000
    0.163995    1.602759    -0.150000
    0.221720    1.602759    -0.150000
    0.285661    1.602759    -0.150000
    0.354391    1.602759    -0.150000
    0.426373    1.602759    -0.150000
    0.500000    1.602759    -0.150000
    0.573627    1.602759    -0.150000
    0.645609    1.602759    -0.150000
    0.714339    1.602759    -0.150000
    0.778280    1.602759    -0.150000
    0.836005    1.602759    -0.150000
    0.886225    1.602759    -0.150000
    0.927817    1.602759    -0.150000
    0.959852    1.602759    -0.150000
    0.981614    1.602759    -0.150000
    0.992619    1.602759    -0.150000
    0.007381    1.686675    -0.150000
    0.018386    1.686675    -0.150000
    0.040148    1.686675    -0.150000
    0.072183    1.686675    -0.150000
    0.113775    1.686675    -0.150000
    0.163995    1.686675    -0.150000
    0.221720    1.686675    -0.150000
    0.285661    1.686675    -0.150000
    0.354391    1.686675    -0.150000
    0.426373    1.686675    -0.150000
    0.500000    1.686675    -0.150000
    0.573627    1.686675    -0.150000
    0.645609    1.686675    -0.150000
    0.714339    1.686675    -0.150000
    0.778280    1.686675    -0.150000
    0.836005    1.686675    -0.150000
    0.886225    1.686675    -0.150000
    0.927817    1.686675    -0.150000
    0.959852    1.686675    -0.150000
    0.981614    1.686675    -0.150000
    0.992619    1.686675    -0.150000
    0.007381    1.761158    -0.150000
    0.018386    1.761158    -0.150000
    0.040148    1.761158    -0.150000
    0.072183    1.761158    -0.150000
    0.113775    1.761158    -0.150000
    0.163995    1.761158    -0.150000
    0.221720    1.761158    -0.150000
    0.285661    1.761158    -0.150000
    0.354391    1.761158    -0.150000
    0.426373    1.761158    -0.150000
    0.500000    1.761158    -0.150000
    0.573627    1.761158    -0.150000
    0.645609    1.761158    -0.150000
    0.714339    1.761158    -0.150000
    0.778280    1.761158    -0.150000
    0.836005    1.761158    -0.150000
    0.886225    1.761158    -0.150000
    0.927817    1.761158    -0.150000
    0.959852    1.761158    -0.150000
    0.981614    1.761158    -0.150000
    0.992619    1.761158    -0.150000
    0.007381    1.825792    -0.150000
    0.018386    1.825792    -0.150000
    0.040148    1.825792    -0.150000
    0.072183    1.825792    -0.150000
    0.113775    1.825792    -0.150000
    0.163995    1.825792    -0.150000
    0.221720    1.825792    -0.150000
    0.285661    1.825792    -0.150000
    0.354391    1.825792    -0.150000
    0.426373    1.825792    -0.150000
    0.500000    1.825792    -0.150000
    0.573627    1.825792    -0.150000
    0.645609    1.825792    -0.150000
    0.714339    1.825792    -0.150000
    0.778280    1.825792    -0.150000
    0.836005    1.825792    -0.150000
    0.886225    1.825792    -0.150000
    0.927817    1.825792    -0.150000
    0.959852    1.825792    -0.150000
    0.981614    1.825792    -0.150000
    0.992619    1.825792    -0.150000
    0.007381    1.880216    -0.150000
    0.018386    1.880216    -0.150000
    0.040148    1.880216    -0.150000
    0.072183    1.880216    -0.150000
    0.113775    1.880216    -0.150000
    0.163995    1.880216    -0.150000
    0.221720    1.880216    -0.150000
    0.285661    1.880216    -0.150000
    0.354391    1.880216    -0.150000
    0.426373    1.880216    -0.150000
    0.500000    1.880216    -0.150000
    0.573627    1.880216    -0.150000
    0.645609    1.880216    -0.150000
    0.714339    1.880216    -0.150000
    0.778280    1.880216    -0.150000
    0.836005    1.880216    -0.150000
    0.886225    1.880216    -0.150000
    0.927817    1.880216    -0.150000
    0.959852    1.880216    -0.150000
    0.981614    1.880216    -0.150000
    0.992619    1.880216    -0.150000
    0.007381    1.924124    -0.150000
    0.018386    1.924124    -0.150000
    0.040148    1.924124    -0.150000
    0.072183    1.924124    -0.150000
    0.113775    1.924124    -0.150000
    0.163995    1.924124    -0.150000
    0.221720    1.924124    -0.150000
    0.285661    1.924124    -0.150000
    0.354391    1.924124    -0.150000
    0.426373    1.924124    -0.150000
    0.500000    1.924124    -0.150000
    0.573627    1.924124    -0.150000
    0.645609    1.924124    -0.150000
    0.714339    1.924124    -0.150000
    0.778280    1.924124    -0.150000
    0.836005    1.924124    -0.150000
    0.886225    1.924124    -0.150000
    0.927817    1.924124    -0.150000
    0.959852    1.924124    -0.150000
    0.981614    1.924124    -0.150000
    0.992619    1.924124    -0.150000
    0.007381    1.957272    -0.150000
    0.018386    1.957272    -0.150000
    0.040148    1.957272    -0.150000
    0.072183    1.957272    -0.150000
    0.113775    1.957272    -0.150000
    0.163995    1.957272    -0.150000
    0.221720    1.957272    -0.150000
    0.285661    1.957272    -0.150000
    0.354391    1.957272    -0.150000
    0.426373    1.957272    -0.150000
    0.500000    1.957272    -0.150000
    0.573627    1.957272    -0.150000
    0.645609    1.957272    -0.150000
    0.714339    1.957272    -0.150000
    0.778280    1.957272    -0.150000
    0.836005    1.957272    -0.150000
    0.886225    1.957272    -0.150000
    0.927817    1.957272    -0.150000
    0.959852    1.957272    -0.150000
    0.981614    1.957272    -0.150000
    0.992619    1.957272    -0.150000
    0.007381    1.979475    -0.150000
    0.018386    1.979475    -0.150000
    0.040148    1.979475    -0.150000
    0.072183    1.979475    -0.150000
    0.113775    1.979475    -0.150000
    0.163995    1.979475    -0.150000
    0.221720    1.979475    -0.150000
    0.285661    1.979475    -0.150000
    0.354391    1.979475    -0.150000
    0.426373    1.979475    -0.150000
    0.500000    1.979475    -0.150000
    0.573627    1.979475    -0.150000
    0.645609    1.979475    -0.150000
    0.714339    1.979475    -0.150000
    0.778280    1.979475    -0.150000
    0.836005    1.979475    -0.150000
    0.886225    1.979475    -0.150000
    0.927817    1.979475    -0.150000
    0.959852    1.979475    -0.150000
    0.981614    1.979475    -0.150000
    0.992619    1.979475    -0.150000
    0.007381    1.990607    -0.150000
    0.018386    1.990607    -0.150000
    0.040148    1.990607    -0.150000
    0.072183    1.990607    -0.150000
    0.113775    1.990607    -0.150000
    0.163995    1.990607    -0.150000
    0.221720    1.990607    -0.150000
    0.285661    1.990607    -0.150000
    0.354391    1.990607    -0.150000
    0.426373    1.990607    -0.150000
    0.500000    1.990607    -0.150000
    0.573627    1.990607    -0.150000
    0.645609    1.990607    -0.150000
    0.714339    1.990607    -0.150000
    0.778280    1.990607    -0.150000
    0.836005    1.990607    -0.150000
    0.886225    1.990607    -0.150000
    0.927817    1.990607    -0.150000
    0.959852    1.990607    -0.150000
    0.981614    1.990607    -0.150000
    0.992619    1.990607    -0.150000
