# ['# x', 'y', 'z', 'rmsCpNN']
7.381233499262999931e-03 2.000000000000000000e+00 -1.457516471904999888e-01 -7.354841672312991685e-01
1.838542491806999940e-02 2.000000000000000000e+00 -1.457511799869999902e-01 -7.554400608041689225e-01
4.014810770120999517e-02 2.000000000000000000e+00 -1.457514634608000070e-01 -7.614423531426655067e-01
7.218312079402000592e-02 2.000000000000000000e+00 -1.457518426917999710e-01 -7.888468906727802432e-01
1.137757555856000052e-01 2.000000000000000000e+00 -1.457515420587000010e-01 -8.035711694232149371e-01
1.639946693531000033e-01 2.000000000000000000e+00 -1.457514173378999800e-01 -8.382348159588207670e-01
2.217197888852999732e-01 2.000000000000000000e+00 -1.457514282994999966e-01 -9.084014846095842532e-01
2.856613913437999752e-01 2.000000000000000000e+00 -1.457515982585000092e-01 -9.367146551266614107e-01
3.543907022947999641e-01 2.000000000000000000e+00 -1.457511420165999994e-01 -8.885718738410475215e-01
4.263729416329999911e-01 2.000000000000000000e+00 -1.457520668139999920e-01 -9.035384025474252345e-01
4.999999467297999711e-01 2.000000000000000000e+00 -1.457513793675000169e-01 -9.506169215002286954e-01
5.736268285698000735e-01 2.000000000000000000e+00 -1.457521007531000223e-01 -8.440476588498959654e-01
6.456091911649000092e-01 2.000000000000000000e+00 -1.457516167183999789e-01 -8.354902920064556371e-01
7.143385021158000781e-01 2.000000000000000000e+00 -1.457511604764999968e-01 -8.482607245219508929e-01
7.782801045744000001e-01 2.000000000000000000e+00 -1.457513304355000094e-01 -8.018217981777413517e-01
8.360052241065000223e-01 2.000000000000000000e+00 -1.457513413970999983e-01 -7.990196488125747010e-01
8.862247806615999313e-01 2.000000000000000000e+00 -1.457519827207999774e-01 -8.081274681259082993e-01
9.278160066212000068e-01 2.000000000000000000e+00 -1.457515588308999910e-01 -7.982484400209712838e-01
9.598517857583999113e-01 2.000000000000000000e+00 -1.457512952742999746e-01 -7.558087091899189369e-01
9.816144685415999493e-01 2.000000000000000000e+00 -1.457515787480000158e-01 -7.623465664992646884e-01
9.926186599603999960e-01 2.000000000000000000e+00 -1.457511115444999894e-01 -7.643320282965602175e-01
7.381114966859000232e-03 2.000000000000000000e+00 -1.281718266856000099e-01 -7.723401867773382889e-01
1.838594917327000117e-02 2.000000000000000000e+00 -1.281721255266000115e-01 -7.833821235760728419e-01
4.014798916880999574e-02 2.000000000000000000e+00 -1.281716429557999970e-01 -7.710772558443054203e-01
7.218376830605000016e-02 2.000000000000000000e+00 -1.281713793991999806e-01 -7.709254204013995526e-01
1.137756370531999850e-01 2.000000000000000000e+00 -1.281717215537999943e-01 -8.204222280293478331e-01
1.639945508206999969e-01 2.000000000000000000e+00 -1.281715968330000011e-01 -8.949849326487463452e-01
2.217196703527999913e-01 2.000000000000000000e+00 -1.281716077945999899e-01 -9.561807667801270894e-01
2.856612728114000244e-01 2.000000000000000000e+00 -1.281717777536000025e-01 -9.616667695358691592e-01
3.543912265499999936e-01 2.000000000000000000e+00 -1.281720875561000172e-01 -9.537355492824429737e-01
4.263735891449999538e-01 2.000000000000000000e+00 -1.281716035215000049e-01 -9.306667840499222022e-01
4.999998281974000758e-01 2.000000000000000000e+00 -1.281715588626000102e-01 -9.218272733807901798e-01
5.736267100374000671e-01 2.000000000000000000e+00 -1.281722802481000123e-01 -8.934098206070721915e-01
6.456090726325000029e-01 2.000000000000000000e+00 -1.281717962135000000e-01 -8.909761947174819063e-01
7.143383835833999607e-01 2.000000000000000000e+00 -1.281713399716000179e-01 -8.649162604865280324e-01
7.782799860420001048e-01 2.000000000000000000e+00 -1.281715099306000027e-01 -8.415670198592429818e-01
8.360051055741000159e-01 2.000000000000000000e+00 -1.281715208920999882e-01 -8.231385830500304035e-01
8.862246621291999249e-01 2.000000000000000000e+00 -1.281721622157999951e-01 -8.242232232065502817e-01
9.278158880888000004e-01 2.000000000000000000e+00 -1.281717383258999809e-01 -8.277362653904373202e-01
9.598516672260000160e-01 2.000000000000000000e+00 -1.281714747692999923e-01 -8.293416157659367904e-01
9.816143500091999430e-01 2.000000000000000000e+00 -1.281717582430000058e-01 -8.338790377755064265e-01
9.926185414279999897e-01 2.000000000000000000e+00 -1.281712910396000105e-01 -8.392429547891917530e-01
7.381289191820000067e-03 2.000000000000000000e+00 -9.513312740777001009e-02 -7.911733353089085430e-01
1.838548061063000061e-02 2.000000000000000000e+00 -9.513266020430000136e-02 -8.215709920735195793e-01
4.014816339376999638e-02 2.000000000000000000e+00 -9.513294367799998708e-02 -8.257154355660019096e-01
7.218394253102000668e-02 2.000000000000000000e+00 -9.513268012139000640e-02 -7.651605050111232043e-01
1.137751684906000149e-01 2.000000000000000000e+00 -9.513225623150999011e-02 -7.929633945327324573e-01
1.639947250457000072e-01 2.000000000000000000e+00 -9.513289755519001301e-02 -8.377579900194076501e-01
2.217198445778000016e-01 2.000000000000000000e+00 -9.513290851678998794e-02 -8.554190892332842466e-01
2.856614470364000069e-01 2.000000000000000000e+00 -9.513307847574999088e-02 -8.769171866908838098e-01
3.543907579873000202e-01 2.000000000000000000e+00 -9.513262223386999283e-02 -8.651227923402547981e-01
4.263731205824000114e-01 2.000000000000000000e+00 -9.513213819919999481e-02 -7.955361053994498555e-01
5.000000024224000583e-01 2.000000000000000000e+00 -9.513285958475999060e-02 -7.427068924828073015e-01
5.736270075191999274e-01 2.000000000000000000e+00 -9.513217213827000751e-02 -7.524980847416924412e-01
6.456086040698000295e-01 2.000000000000000000e+00 -9.513233089121998776e-02 -7.625308050632455537e-01
7.143385578084000542e-01 2.000000000000000000e+00 -9.513264069377999621e-02 -7.708316589079635683e-01
7.782801602669000562e-01 2.000000000000000000e+00 -9.513281065273999915e-02 -7.872218747722876664e-01
8.360052797990999984e-01 2.000000000000000000e+00 -9.513282161432999595e-02 -7.978364750808064620e-01
8.862249596110000072e-01 2.000000000000000000e+00 -9.513205410595999834e-02 -8.086759739656547152e-01
9.278168283581998965e-01 2.000000000000000000e+00 -9.513239626052999443e-02 -8.193989179421330427e-01
9.598518414509999985e-01 2.000000000000000000e+00 -9.513277549153000001e-02 -8.126387362346410015e-01
9.816145242341000055e-01 2.000000000000000000e+00 -9.513305896522998573e-02 -8.279283184164409892e-01
9.926187156529000521e-01 2.000000000000000000e+00 -9.513259176175999088e-02 -8.677237468217604555e-01
7.381061352471999029e-03 2.000000000000000000e+00 -5.061893002145999992e-02 -8.213323031071745328e-01
1.838589555888999957e-02 2.000000000000000000e+00 -5.061922886241999181e-02 -9.267552460519808966e-01
4.014793555441999867e-02 2.000000000000000000e+00 -5.061874629169000467e-02 -9.450025602624316790e-01
7.218294864722001047e-02 2.000000000000000000e+00 -5.061912552268000437e-02 -8.455093449161230623e-01
1.137755834388999993e-01 2.000000000000000000e+00 -5.061882488964000032e-02 -7.933297194263788654e-01
1.639944972062999939e-01 2.000000000000000000e+00 -5.061870016888000284e-02 -7.797988243673839026e-01
2.217196167384999916e-01 2.000000000000000000e+00 -5.061871113046999965e-02 -7.953541977827234266e-01
2.856612191969999937e-01 2.000000000000000000e+00 -5.061888108943000258e-02 -7.882616740951935430e-01
3.543911729355999629e-01 2.000000000000000000e+00 -5.061919089198999716e-02 -7.831195904653527329e-01
4.263735355305999786e-01 2.000000000000000000e+00 -5.061870685732999808e-02 -7.765345743328208039e-01
4.999997745830000451e-01 2.000000000000000000e+00 -5.061866219844999432e-02 -7.739959495323092131e-01
5.736266564230000364e-01 2.000000000000000000e+00 -5.061938358401000398e-02 -7.663416957804477514e-01
6.456090190180999722e-01 2.000000000000000000e+00 -5.061889954933999902e-02 -7.594729567650979618e-01
7.143389727565999658e-01 2.000000000000000000e+00 -5.061920935190000748e-02 -7.640708754226012145e-01
7.782799324276000741e-01 2.000000000000000000e+00 -5.061861326643000286e-02 -7.777974184718684514e-01
8.360050519596999852e-01 2.000000000000000000e+00 -5.061862422801999273e-02 -7.837695197814359416e-01
8.862246085148001162e-01 2.000000000000000000e+00 -5.061926555169999481e-02 -7.971257744514175236e-01
9.278164772620000056e-01 2.000000000000000000e+00 -5.061960770625999889e-02 -8.035654504436435808e-01
9.598516136115999853e-01 2.000000000000000000e+00 -5.061857810520999784e-02 -8.051900866238230758e-01
9.816142963948001343e-01 2.000000000000000000e+00 -5.061886157891999638e-02 -8.439881505855415522e-01
9.926191306011999949e-01 2.000000000000000000e+00 -5.061916041987999521e-02 -8.880563409201641667e-01
7.381117045029000033e-03 2.000000000000000000e+00 -4.102387030065999811e-07 -9.022957900841541701e-01
1.838530846383000170e-02 2.000000000000000000e+00 5.696477399016999899e-08 -9.530515763392054529e-01
4.014799124698000682e-02 2.000000000000000000e+00 -2.265089331179999766e-07 -9.135658961021386748e-01
7.218377038421999736e-02 2.000000000000000000e+00 3.704767824161999811e-08 -8.664544802316033190e-01
1.137756391313999860e-01 2.000000000000000000e+00 -3.051068847877999694e-07 -8.279502956803632685e-01
1.639945528988999979e-01 2.000000000000000000e+00 -1.803861242442999832e-07 -7.777242830376375204e-01
2.217196724309999922e-01 2.000000000000000000e+00 -1.913477151471000023e-07 -7.343837642755656203e-01
2.856612748895999698e-01 2.000000000000000000e+00 -3.613066821961999673e-07 -7.546859077445779995e-01
3.543905858404999831e-01 2.000000000000000000e+00 9.493520389952001015e-08 -7.668701184722448438e-01
4.263735912232000658e-01 2.000000000000000000e+00 -1.870745761022000008e-07 -7.449114318678755620e-01
4.999998302755999657e-01 2.000000000000000000e+00 -1.424156943506000109e-07 -7.155487246393925638e-01
5.736268353724001123e-01 2.000000000000000000e+00 5.450307970958000451e-07 -7.085059035993249710e-01
6.456090747106000283e-01 2.000000000000000000e+00 -3.797665926006999811e-07 -7.263715751118463571e-01
7.143383856615999061e-01 2.000000000000000000e+00 7.647529352273999655e-08 -7.487220956411708706e-01
7.782799881201999392e-01 2.000000000000000000e+00 -9.348367352635000253e-08 -7.704748598730155607e-01
8.360051076522999614e-01 2.000000000000000000e+00 -1.044452644855000001e-07 -7.868913184533374849e-01
8.862247874641999701e-01 2.000000000000000000e+00 6.630631058018000611e-07 -7.958403628001436969e-01
9.278166562114000815e-01 2.000000000000000000e+00 3.209085427589000010e-07 -8.025462920310393322e-01
9.598516693041999615e-01 2.000000000000000000e+00 -5.832245564313000186e-08 -8.119415702261771894e-01
9.816143520873000794e-01 2.000000000000000000e+00 -3.417961627355999968e-07 -8.372285912529485730e-01
9.926185435061000151e-01 2.000000000000000000e+00 1.254073143895000077e-07 -9.104860079094502234e-01
7.381295994419000660e-03 2.000000000000000000e+00 5.061951837610000060e-02 -8.732388159976389730e-01
1.838536415638999943e-02 2.000000000000000000e+00 5.061857674753000164e-02 -9.453313484092303876e-01
4.014881298398000065e-02 2.000000000000000000e+00 5.061893606142999630e-02 -8.929254531911263726e-01
7.218318328916999149e-02 2.000000000000000000e+00 5.061932287487000415e-02 -8.583458573096465205e-01
1.137750520363999956e-01 2.000000000000000000e+00 5.061898072031000007e-02 -8.224204209025521850e-01
1.639946085913999985e-01 2.000000000000000000e+00 5.061833939662999798e-02 -7.785507151842376850e-01
2.217204941679999930e-01 2.000000000000000000e+00 5.061897122265000132e-02 -6.810269308945897659e-01
2.856614538389999902e-01 2.000000000000000000e+00 5.061956730811999899e-02 -6.464995931690983300e-01
3.543906415331000148e-01 2.000000000000000000e+00 5.061861471795999629e-02 -6.727904234808455008e-01
4.263730041282000616e-01 2.000000000000000000e+00 5.061909875262000924e-02 -7.133875531281129723e-01
4.999998859680999663e-01 2.000000000000000000e+00 5.061837736705999957e-02 -7.365240914526307581e-01
5.736268910649999775e-01 2.000000000000000000e+00 5.061906481355000348e-02 -7.286073826289402033e-01
6.456084876155999686e-01 2.000000000000000000e+00 5.061890606060000242e-02 -7.252699828331468090e-01
7.143384413540999622e-01 2.000000000000000000e+00 5.061859625804999985e-02 -7.335436596193094516e-01
7.782800438126998843e-01 2.000000000000000000e+00 5.061842629907999797e-02 -7.484987181319879834e-01
8.360051633448000175e-01 2.000000000000000000e+00 5.061841533749000116e-02 -7.688289268414958411e-01
8.862248431568001683e-01 2.000000000000000000e+00 5.061918284586000572e-02 -7.842181223069100149e-01
9.278167119039000266e-01 2.000000000000000000e+00 5.061884069130000857e-02 -7.920761652663840247e-01
9.598517249967000176e-01 2.000000000000000000e+00 5.061846146030000299e-02 -7.955363467909049024e-01
9.816145310367000443e-01 2.000000000000000000e+00 5.061958681863999721e-02 -8.523098167706717465e-01
9.926185991986998802e-01 2.000000000000000000e+00 5.061864519006999824e-02 -9.117538906222621975e-01
7.380944898238000866e-03 2.000000000000000000e+00 9.513230693036998920e-02 -9.120069306952667265e-01
1.838513631704000173e-02 2.000000000000000000e+00 9.513277413383999792e-02 -9.271088452974395322e-01
4.014781910019000338e-02 2.000000000000000000e+00 9.513249066013999833e-02 -8.542713884074160102e-01
7.218359823742999393e-02 2.000000000000000000e+00 9.513275421675000676e-02 -8.102482242884661012e-01
1.137754669846000183e-01 2.000000000000000000e+00 9.513241206219000268e-02 -7.712819197493580026e-01
1.639943807521000163e-01 2.000000000000000000e+00 9.513253678295000015e-02 -7.500036926194743048e-01
2.217195002842000107e-01 2.000000000000000000e+00 9.513252582135998947e-02 -6.951273521740888306e-01
2.856611027427999883e-01 2.000000000000000000e+00 9.513235586239000841e-02 -6.012069014435070802e-01
3.543910564814000685e-01 2.000000000000000000e+00 9.513204605982999995e-02 -5.806409978378255232e-01
4.263734190764000287e-01 2.000000000000000000e+00 9.513253009449001985e-02 -6.002178629532342047e-01
4.999996581288000397e-01 2.000000000000000000e+00 9.513257475338000868e-02 -6.483334081748559630e-01
5.736273060132000001e-01 2.000000000000000000e+00 9.513249615542000714e-02 -7.027137251118263928e-01
6.456089025638001022e-01 2.000000000000000000e+00 9.513233740248000503e-02 -7.275493414269911252e-01
7.143382135148000911e-01 2.000000000000000000e+00 9.513279364436000307e-02 -7.375936679143172414e-01
7.782798159734000132e-01 2.000000000000000000e+00 9.513262368540000014e-02 -7.508824718616105010e-01
8.360049355055000353e-01 2.000000000000000000e+00 9.513261272381000333e-02 -7.618043874938822402e-01
8.862252581049999689e-01 2.000000000000000000e+00 9.513261418772998856e-02 -7.745527275899376507e-01
9.278164840646000444e-01 2.000000000000000000e+00 9.513303807761000486e-02 -7.939663527515415931e-01
9.598514971573999244e-01 2.000000000000000000e+00 9.513265884660999927e-02 -8.130329015087227607e-01
9.816141799404999313e-01 2.000000000000000000e+00 9.513237537290999968e-02 -9.017543273050711017e-01
9.926183713592999780e-01 2.000000000000000000e+00 9.513284257637999453e-02 -9.342742730289932407e-01
7.381885167643000532e-03 2.000000000000000000e+00 1.281716489957999972e-01 -8.185359109651286769e-01
1.838531054200999784e-02 2.000000000000000000e+00 1.281714734116999876e-01 -8.627857569541160787e-01
4.014875936958999664e-02 2.000000000000000000e+00 1.281718327256000101e-01 -8.185411217323228517e-01
7.218377246238999456e-02 2.000000000000000000e+00 1.281714534945999906e-01 -7.499561813349900907e-01
1.137749984219999927e-01 2.000000000000000000e+00 1.281718773844000014e-01 -7.308091085608067194e-01
1.639945549769999955e-01 2.000000000000000000e+00 1.281712360608000256e-01 -7.375643492234460474e-01
2.217204405536000178e-01 2.000000000000000000e+00 1.281718678867999894e-01 -7.179159099746472705e-01
2.856620430121999954e-01 2.000000000000000000e+00 1.281716979278000046e-01 -6.651059265801625431e-01
3.543905879186999841e-01 2.000000000000000000e+00 1.281715113821000063e-01 -6.240808245123317111e-01
4.263729505138000309e-01 2.000000000000000000e+00 1.281719954166999909e-01 -6.250535714887666128e-01
4.999998323538000222e-01 2.000000000000000000e+00 1.281712740311999887e-01 -6.216924602491485929e-01
5.736268374505999468e-01 2.000000000000000000e+00 1.281719614777000193e-01 -6.307951374745331963e-01
6.456084340011999378e-01 2.000000000000000000e+00 1.281718027246999958e-01 -6.962386347533379150e-01
7.143383877396999315e-01 2.000000000000000000e+00 1.281714929222000088e-01 -7.569697723198420825e-01
7.782799901983000757e-01 2.000000000000000000e+00 1.281713229631999962e-01 -7.964560436990532066e-01
8.360051097305000178e-01 2.000000000000000000e+00 1.281713120016000074e-01 -8.298873636260388764e-01
8.862247895424001376e-01 2.000000000000000000e+00 1.281720795099999810e-01 -8.719480346955142958e-01
9.278166582896000270e-01 2.000000000000000000e+00 1.281717373553999950e-01 -8.985244331537582951e-01
9.598516713824001290e-01 2.000000000000000000e+00 1.281713581243999756e-01 -8.966111282394133575e-01
9.816137113779001000e-01 2.000000000000000000e+00 1.281718406951999900e-01 -9.273018977098272941e-01
9.926185455842999605e-01 2.000000000000000000e+00 1.281715418541999885e-01 -9.354408745333602226e-01
7.381766635238000765e-03 2.000000000000000000e+00 1.457514695007000038e-01 -7.709220730879537964e-01
1.838519200959999947e-02 2.000000000000000000e+00 1.457512939166000221e-01 -8.104481327295480764e-01
4.014864083719000415e-02 2.000000000000000000e+00 1.457516532304999890e-01 -7.597575041962938425e-01
7.218365392999000207e-02 2.000000000000000000e+00 1.457512739994999973e-01 -7.416845893162361536e-01
1.137748798896000002e-01 2.000000000000000000e+00 1.457516978893999837e-01 -7.138603750546897997e-01
1.639944364445999891e-01 2.000000000000000000e+00 1.457510565657000046e-01 -7.702664416342491771e-01
2.217203220212000114e-01 2.000000000000000000e+00 1.457516883917000239e-01 -8.612557911710853054e-01
2.856619244797999890e-01 2.000000000000000000e+00 1.457515184327999869e-01 -8.610446716745306928e-01
3.543912354308000334e-01 2.000000000000000000e+00 1.457519746746000211e-01 -7.916419765152056254e-01
4.263728319814000245e-01 2.000000000000000000e+00 1.457518159217000286e-01 -8.290602743529297269e-01
5.000004798657999849e-01 2.000000000000000000e+00 1.457517373237000036e-01 -8.170926105153405450e-01
5.736267189181999404e-01 2.000000000000000000e+00 1.457517819825999983e-01 -7.373510764204435075e-01
6.456097243007999920e-01 2.000000000000000000e+00 1.457514999727999860e-01 -7.963422657834862139e-01
7.143382692073001472e-01 2.000000000000000000e+00 1.457513134271000155e-01 -8.219993632818481943e-01
7.782798716659000693e-01 2.000000000000000000e+00 1.457511434681000029e-01 -8.943614794121053091e-01
8.360057572425000361e-01 2.000000000000000000e+00 1.457517752942000255e-01 -9.245824937385184183e-01
8.862246710099999092e-01 2.000000000000000000e+00 1.457519000148999877e-01 -9.416197144307882905e-01
9.278165397571999096e-01 2.000000000000000000e+00 1.457515578603999773e-01 -9.457997053153283096e-01
9.598515528500000116e-01 2.000000000000000000e+00 1.457511786293999856e-01 -9.404548461772844758e-01
9.816150016775000431e-01 2.000000000000000000e+00 1.457515379432999802e-01 -9.391602656097757240e-01
9.926184270519000652e-01 2.000000000000000000e+00 1.457513623590999952e-01 -9.396640876154201960e-01
