# ['# x', 'y', 'z', 'rmsCpNN']
7.381048127805000386e-03 7.448299999999999366e-02 -1.499996928851000111e-01 2.146249632647738437e-01
1.838577333882999987e-02 7.448299999999999366e-02 -1.499998656076000081e-01 2.313067640386501089e-01
4.014814336066999806e-02 7.448299999999999366e-02 -1.499996858531000010e-01 2.055625841610770055e-01
7.218322503460999906e-02 7.448299999999999366e-02 -1.500000655244999870e-01 1.834369161401145365e-01
1.137754079642000066e-01 7.448299999999999366e-02 -1.499996777735000120e-01 1.522359765094529471e-01
1.639949804134999967e-01 7.448299999999999366e-02 -1.499995656444000069e-01 1.325309497272835757e-01
2.217201706250999937e-01 7.448299999999999366e-02 -1.499993764020000064e-01 1.158956969648633761e-01
2.856615822795000037e-01 7.448299999999999366e-02 -1.500001737068999974e-01 1.048794685639920510e-01
3.543914977020999890e-01 7.448299999999999366e-02 -1.500001571869999939e-01 9.733714891188245677e-02
4.263734401732999779e-01 7.448299999999999366e-02 -1.499998653034000096e-01 8.896099524604271502e-02
4.999997650842000207e-01 7.448299999999999366e-02 -1.500001992439000120e-01 8.431828096792670646e-02
5.736270296876999630e-01 7.448299999999999366e-02 -1.500001911642999952e-01 7.935985518631018254e-02
6.456089721587999763e-01 7.448299999999999366e-02 -1.499998992807000109e-01 7.656801918766918680e-02
7.143388875813999617e-01 7.448299999999999366e-02 -1.499998827609000107e-01 7.338187523807891688e-02
7.782799572158000112e-01 7.448299999999999366e-02 -1.499997403730999879e-01 7.129957495616341678e-02
8.360051474273000327e-01 7.448299999999999366e-02 -1.499995511306999874e-01 7.069767725501445443e-02
8.862250618967999483e-01 7.448299999999999366e-02 -1.500003786942999962e-01 7.130804639736426642e-02
9.278163051336999478e-01 7.448299999999999366e-02 -1.500003329634000127e-01 7.552532076459522736e-02
9.598510447875000517e-01 7.448299999999999366e-02 -1.499997729421999881e-01 8.299939301381313583e-02
9.816146965220999832e-01 7.448299999999999366e-02 -1.500001908600999967e-01 1.015424236387793278e-01
9.926181400204000527e-01 7.448299999999999366e-02 -1.499997659102000058e-01 1.146487946190572482e-01
7.381048127805000386e-03 2.230330000000000090e-01 -1.499996928851000111e-01 2.365532004218148521e-01
1.838577333882999987e-02 2.230330000000000090e-01 -1.499998656076000081e-01 2.676529228567824381e-01
4.014814336066999806e-02 2.230330000000000090e-01 -1.499996858531000010e-01 2.300263550606347074e-01
7.218322503460999906e-02 2.230330000000000090e-01 -1.500000655244999870e-01 2.094828038307924856e-01
1.137754079642000066e-01 2.230330000000000090e-01 -1.499996777735000120e-01 1.680758830410856441e-01
1.639949804134999967e-01 2.230330000000000090e-01 -1.499995656444000069e-01 1.381895486712719501e-01
2.217201706250999937e-01 2.230330000000000090e-01 -1.499993764020000064e-01 1.154213822911839965e-01
2.856615822795000037e-01 2.230330000000000090e-01 -1.500001737068999974e-01 1.020076778184055705e-01
3.543914977020999890e-01 2.230330000000000090e-01 -1.500001571869999939e-01 9.299348803266958841e-02
4.263734401732999779e-01 2.230330000000000090e-01 -1.499998653034000096e-01 8.649942598667283156e-02
4.999997650842000207e-01 2.230330000000000090e-01 -1.500001992439000120e-01 8.237097622053486667e-02
5.736270296876999630e-01 2.230330000000000090e-01 -1.500001911642999952e-01 7.838401602115090128e-02
6.456089721587999763e-01 2.230330000000000090e-01 -1.499998992807000109e-01 7.497656705071847894e-02
7.143388875813999617e-01 2.230330000000000090e-01 -1.499998827609000107e-01 7.260537627594471077e-02
7.782799572158000112e-01 2.230330000000000090e-01 -1.499997403730999879e-01 7.111422725260567457e-02
8.360051474273000327e-01 2.230330000000000090e-01 -1.499995511306999874e-01 7.045194911117447223e-02
8.862250618967999483e-01 2.230330000000000090e-01 -1.500003786942999962e-01 7.130063697952694624e-02
9.278163051336999478e-01 2.230330000000000090e-01 -1.500003329634000127e-01 7.547711035059463669e-02
9.598510447875000517e-01 2.230330000000000090e-01 -1.499997729421999881e-01 8.281544139420866923e-02
9.816146965220999832e-01 2.230330000000000090e-01 -1.500001908600999967e-01 1.011808970043642508e-01
9.926181400204000527e-01 2.230330000000000090e-01 -1.499997659102000058e-01 1.171709181345819001e-01
7.381048127805000386e-03 3.703359999999999985e-01 -1.499996928851000111e-01 2.523376645722165135e-01
1.838577333882999987e-02 3.703359999999999985e-01 -1.499998656076000081e-01 2.839170173015753140e-01
4.014814336066999806e-02 3.703359999999999985e-01 -1.499996858531000010e-01 2.498195409310963178e-01
7.218322503460999906e-02 3.703359999999999985e-01 -1.500000655244999870e-01 2.311415317772206879e-01
1.137754079642000066e-01 3.703359999999999985e-01 -1.499996777735000120e-01 1.831512864217048064e-01
1.639949804134999967e-01 3.703359999999999985e-01 -1.499995656444000069e-01 1.444644278229141043e-01
2.217201706250999937e-01 3.703359999999999985e-01 -1.499993764020000064e-01 1.177245814883850772e-01
2.856615822795000037e-01 3.703359999999999985e-01 -1.500001737068999974e-01 1.020267975935552629e-01
3.543914977020999890e-01 3.703359999999999985e-01 -1.500001571869999939e-01 9.254753367211589199e-02
4.263734401732999779e-01 3.703359999999999985e-01 -1.499998653034000096e-01 8.601565336755238877e-02
4.999997650842000207e-01 3.703359999999999985e-01 -1.500001992439000120e-01 8.112582665523090930e-02
5.736270296876999630e-01 3.703359999999999985e-01 -1.500001911642999952e-01 7.674374762988257770e-02
6.456089721587999763e-01 3.703359999999999985e-01 -1.499998992807000109e-01 7.347083145303059948e-02
7.143388875813999617e-01 3.703359999999999985e-01 -1.499998827609000107e-01 7.204324703994975654e-02
7.782799572158000112e-01 3.703359999999999985e-01 -1.499997403730999879e-01 7.092975305021466392e-02
8.360051474273000327e-01 3.703359999999999985e-01 -1.499995511306999874e-01 7.097805245718133427e-02
8.862250618967999483e-01 3.703359999999999985e-01 -1.500003786942999962e-01 7.184940297713379720e-02
9.278163051336999478e-01 3.703359999999999985e-01 -1.500003329634000127e-01 7.706815525627876140e-02
9.598510447875000517e-01 3.703359999999999985e-01 -1.499997729421999881e-01 8.433852992235821300e-02
9.816146965220999832e-01 3.703359999999999985e-01 -1.500001908600999967e-01 1.066635511196562108e-01
9.926181400204000527e-01 3.703359999999999985e-01 -1.499997659102000058e-01 1.209745428121945660e-01
7.381048127805000386e-03 5.155680000000000263e-01 -1.499996928851000111e-01 2.510088833583428158e-01
1.838577333882999987e-02 5.155680000000000263e-01 -1.499998656076000081e-01 2.806308811860815933e-01
4.014814336066999806e-02 5.155680000000000263e-01 -1.499996858531000010e-01 2.546752809810257645e-01
7.218322503460999906e-02 5.155680000000000263e-01 -1.500000655244999870e-01 2.400910554759041471e-01
1.137754079642000066e-01 5.155680000000000263e-01 -1.499996777735000120e-01 1.957745395547366707e-01
1.639949804134999967e-01 5.155680000000000263e-01 -1.499995656444000069e-01 1.563218948140639997e-01
2.217201706250999937e-01 5.155680000000000263e-01 -1.499993764020000064e-01 1.277144801820114250e-01
2.856615822795000037e-01 5.155680000000000263e-01 -1.500001737068999974e-01 1.067731124094812717e-01
3.543914977020999890e-01 5.155680000000000263e-01 -1.500001571869999939e-01 9.605828804142267641e-02
4.263734401732999779e-01 5.155680000000000263e-01 -1.499998653034000096e-01 8.693887094224173051e-02
4.999997650842000207e-01 5.155680000000000263e-01 -1.500001992439000120e-01 8.254076935603810172e-02
5.736270296876999630e-01 5.155680000000000263e-01 -1.500001911642999952e-01 7.823970020670639736e-02
6.456089721587999763e-01 5.155680000000000263e-01 -1.499998992807000109e-01 7.530008068995958093e-02
7.143388875813999617e-01 5.155680000000000263e-01 -1.499998827609000107e-01 7.357665438662149004e-02
7.782799572158000112e-01 5.155680000000000263e-01 -1.499997403730999879e-01 7.177532131318281605e-02
8.360051474273000327e-01 5.155680000000000263e-01 -1.499995511306999874e-01 7.172574445467508331e-02
8.862250618967999483e-01 5.155680000000000263e-01 -1.500003786942999962e-01 7.317074358966532688e-02
9.278163051336999478e-01 5.155680000000000263e-01 -1.500003329634000127e-01 7.694948817677717268e-02
9.598510447875000517e-01 5.155680000000000263e-01 -1.499997729421999881e-01 8.438866260049868173e-02
9.816146965220999832e-01 5.155680000000000263e-01 -1.500001908600999967e-01 1.038819212952483279e-01
9.926181400204000527e-01 5.155680000000000263e-01 -1.499997659102000058e-01 1.228789755154886115e-01
7.381048127805000386e-03 6.579159999999999453e-01 -1.499996928851000111e-01 2.532956135004338361e-01
1.838577333882999987e-02 6.579159999999999453e-01 -1.499998656076000081e-01 2.923776373640318282e-01
4.014814336066999806e-02 6.579159999999999453e-01 -1.499996858531000010e-01 2.708276324906909727e-01
7.218322503460999906e-02 6.579159999999999453e-01 -1.500000655244999870e-01 2.485048527385369799e-01
1.137754079642000066e-01 6.579159999999999453e-01 -1.499996777735000120e-01 2.016507306389428433e-01
1.639949804134999967e-01 6.579159999999999453e-01 -1.499995656444000069e-01 1.612055592910830726e-01
2.217201706250999937e-01 6.579159999999999453e-01 -1.499993764020000064e-01 1.279427004896341313e-01
2.856615822795000037e-01 6.579159999999999453e-01 -1.500001737068999974e-01 1.070123325545875026e-01
3.543914977020999890e-01 6.579159999999999453e-01 -1.500001571869999939e-01 9.432385036341145446e-02
4.263734401732999779e-01 6.579159999999999453e-01 -1.499998653034000096e-01 8.578250721159713654e-02
4.999997650842000207e-01 6.579159999999999453e-01 -1.500001992439000120e-01 8.157547787408599149e-02
5.736270296876999630e-01 6.579159999999999453e-01 -1.500001911642999952e-01 7.748899151924167061e-02
6.456089721587999763e-01 6.579159999999999453e-01 -1.499998992807000109e-01 7.444854311047643947e-02
7.143388875813999617e-01 6.579159999999999453e-01 -1.499998827609000107e-01 7.223875219424850946e-02
7.782799572158000112e-01 6.579159999999999453e-01 -1.499997403730999879e-01 7.079824257003233812e-02
8.360051474273000327e-01 6.579159999999999453e-01 -1.499995511306999874e-01 7.014680835594634678e-02
8.862250618967999483e-01 6.579159999999999453e-01 -1.500003786942999962e-01 7.075372851788518103e-02
9.278163051336999478e-01 6.579159999999999453e-01 -1.500003329634000127e-01 7.455103104608712394e-02
9.598510447875000517e-01 6.579159999999999453e-01 -1.499997729421999881e-01 8.170774111941900286e-02
9.816146965220999832e-01 6.579159999999999453e-01 -1.500001908600999967e-01 1.059636449957446214e-01
9.926181400204000527e-01 6.579159999999999453e-01 -1.499997659102000058e-01 1.309319061365070147e-01
7.381048127805000386e-03 7.965849999999999875e-01 -1.499996928851000111e-01 2.739601414190960260e-01
1.838577333882999987e-02 7.965849999999999875e-01 -1.499998656076000081e-01 2.970044136183535022e-01
4.014814336066999806e-02 7.965849999999999875e-01 -1.499996858531000010e-01 2.750867773247784309e-01
7.218322503460999906e-02 7.965849999999999875e-01 -1.500000655244999870e-01 2.532065287616444005e-01
1.137754079642000066e-01 7.965849999999999875e-01 -1.499996777735000120e-01 2.108654538837251569e-01
1.639949804134999967e-01 7.965849999999999875e-01 -1.499995656444000069e-01 1.630461371652749403e-01
2.217201706250999937e-01 7.965849999999999875e-01 -1.499993764020000064e-01 1.310499165592167170e-01
2.856615822795000037e-01 7.965849999999999875e-01 -1.500001737068999974e-01 1.090996640994249395e-01
3.543914977020999890e-01 7.965849999999999875e-01 -1.500001571869999939e-01 9.539679633599330855e-02
4.263734401732999779e-01 7.965849999999999875e-01 -1.499998653034000096e-01 8.710955604669678998e-02
4.999997650842000207e-01 7.965849999999999875e-01 -1.500001992439000120e-01 8.223834493496760822e-02
5.736270296876999630e-01 7.965849999999999875e-01 -1.500001911642999952e-01 7.754458416351521499e-02
6.456089721587999763e-01 7.965849999999999875e-01 -1.499998992807000109e-01 7.477065699296729651e-02
7.143388875813999617e-01 7.965849999999999875e-01 -1.499998827609000107e-01 7.298523720073749055e-02
7.782799572158000112e-01 7.965849999999999875e-01 -1.499997403730999879e-01 7.163299840810723185e-02
8.360051474273000327e-01 7.965849999999999875e-01 -1.499995511306999874e-01 7.034014867933748028e-02
8.862250618967999483e-01 7.965849999999999875e-01 -1.500003786942999962e-01 7.086293291866631316e-02
9.278163051336999478e-01 7.965849999999999875e-01 -1.500003329634000127e-01 7.408564316299201535e-02
9.598510447875000517e-01 7.965849999999999875e-01 -1.499997729421999881e-01 8.122853481971742395e-02
9.816146965220999832e-01 7.965849999999999875e-01 -1.500001908600999967e-01 1.083812390490014044e-01
9.926181400204000527e-01 7.965849999999999875e-01 -1.499997659102000058e-01 1.428755982030225913e-01
7.381048127805000386e-03 9.307990000000000430e-01 -1.499996928851000111e-01 2.554563386055527796e-01
1.838577333882999987e-02 9.307990000000000430e-01 -1.499998656076000081e-01 2.845905349757374414e-01
4.014814336066999806e-02 9.307990000000000430e-01 -1.499996858531000010e-01 2.725230204504168752e-01
7.218322503460999906e-02 9.307990000000000430e-01 -1.500000655244999870e-01 2.564025620722937826e-01
1.137754079642000066e-01 9.307990000000000430e-01 -1.499996777735000120e-01 2.064861127889775771e-01
1.639949804134999967e-01 9.307990000000000430e-01 -1.499995656444000069e-01 1.634622901906221948e-01
2.217201706250999937e-01 9.307990000000000430e-01 -1.499993764020000064e-01 1.297476869598551130e-01
2.856615822795000037e-01 9.307990000000000430e-01 -1.500001737068999974e-01 1.075551064910624521e-01
3.543914977020999890e-01 9.307990000000000430e-01 -1.500001571869999939e-01 9.252746550763438216e-02
4.263734401732999779e-01 9.307990000000000430e-01 -1.499998653034000096e-01 8.548221169847911027e-02
4.999997650842000207e-01 9.307990000000000430e-01 -1.500001992439000120e-01 8.122960985963392777e-02
5.736270296876999630e-01 9.307990000000000430e-01 -1.500001911642999952e-01 7.731285665272683016e-02
6.456089721587999763e-01 9.307990000000000430e-01 -1.499998992807000109e-01 7.486686047423848911e-02
7.143388875813999617e-01 9.307990000000000430e-01 -1.499998827609000107e-01 7.363692206868344137e-02
7.782799572158000112e-01 9.307990000000000430e-01 -1.499997403730999879e-01 7.129503805166328978e-02
8.360051474273000327e-01 9.307990000000000430e-01 -1.499995511306999874e-01 7.019898464909175850e-02
8.862250618967999483e-01 9.307990000000000430e-01 -1.500003786942999962e-01 7.075654642743763045e-02
9.278163051336999478e-01 9.307990000000000430e-01 -1.500003329634000127e-01 7.282611629534853359e-02
9.598510447875000517e-01 9.307990000000000430e-01 -1.499997729421999881e-01 8.109831951000272265e-02
9.816146965220999832e-01 9.307990000000000430e-01 -1.500001908600999967e-01 1.091402782545235761e-01
9.926181400204000527e-01 9.307990000000000430e-01 -1.499997659102000058e-01 1.449092335677700516e-01
7.381048127805000386e-03 1.059808000000000083e+00 -1.499996928851000111e-01 2.582249978785295386e-01
1.838577333882999987e-02 1.059808000000000083e+00 -1.499998656076000081e-01 2.988646772678760777e-01
4.014814336066999806e-02 1.059808000000000083e+00 -1.499996858531000010e-01 2.775784401158728487e-01
7.218322503460999906e-02 1.059808000000000083e+00 -1.500000655244999870e-01 2.539916213142823787e-01
1.137754079642000066e-01 1.059808000000000083e+00 -1.499996777735000120e-01 2.153708282845835376e-01
1.639949804134999967e-01 1.059808000000000083e+00 -1.499995656444000069e-01 1.692097477090620528e-01
2.217201706250999937e-01 1.059808000000000083e+00 -1.499993764020000064e-01 1.293663869440607184e-01
2.856615822795000037e-01 1.059808000000000083e+00 -1.500001737068999974e-01 1.069527008538792012e-01
3.543914977020999890e-01 1.059808000000000083e+00 -1.500001571869999939e-01 9.366080584944169729e-02
4.263734401732999779e-01 1.059808000000000083e+00 -1.499998653034000096e-01 8.494281976007819757e-02
4.999997650842000207e-01 1.059808000000000083e+00 -1.500001992439000120e-01 8.153361766729028126e-02
5.736270296876999630e-01 1.059808000000000083e+00 -1.500001911642999952e-01 7.675696124709174839e-02
6.456089721587999763e-01 1.059808000000000083e+00 -1.499998992807000109e-01 7.436560342970088833e-02
7.143388875813999617e-01 1.059808000000000083e+00 -1.499998827609000107e-01 7.235793819115855785e-02
7.782799572158000112e-01 1.059808000000000083e+00 -1.499997403730999879e-01 7.059254553161446732e-02
8.360051474273000327e-01 1.059808000000000083e+00 -1.499995511306999874e-01 6.962366762609996373e-02
8.862250618967999483e-01 1.059808000000000083e+00 -1.500003786942999962e-01 6.987533322215817855e-02
9.278163051336999478e-01 1.059808000000000083e+00 -1.500003329634000127e-01 7.294808275715705670e-02
9.598510447875000517e-01 1.059808000000000083e+00 -1.499997729421999881e-01 7.931688991101203123e-02
9.816146965220999832e-01 1.059808000000000083e+00 -1.500001908600999967e-01 9.973083000902921436e-02
9.926181400204000527e-01 1.059808000000000083e+00 -1.499997659102000058e-01 1.291362818376489419e-01
7.381048127805000386e-03 1.182889999999999997e+00 -1.499996928851000111e-01 2.709239468334525558e-01
1.838577333882999987e-02 1.182889999999999997e+00 -1.499998656076000081e-01 2.890506729029055366e-01
4.014814336066999806e-02 1.182889999999999997e+00 -1.499996858531000010e-01 2.790128973066745011e-01
7.218322503460999906e-02 1.182889999999999997e+00 -1.500000655244999870e-01 2.648882564513287408e-01
1.137754079642000066e-01 1.182889999999999997e+00 -1.499996777735000120e-01 2.186951218660366236e-01
1.639949804134999967e-01 1.182889999999999997e+00 -1.499995656444000069e-01 1.690099547535194313e-01
2.217201706250999937e-01 1.182889999999999997e+00 -1.499993764020000064e-01 1.310725681989088343e-01
2.856615822795000037e-01 1.182889999999999997e+00 -1.500001737068999974e-01 1.069443068430067367e-01
3.543914977020999890e-01 1.182889999999999997e+00 -1.500001571869999939e-01 9.124032602044920837e-02
4.263734401732999779e-01 1.182889999999999997e+00 -1.499998653034000096e-01 8.301948628552371923e-02
4.999997650842000207e-01 1.182889999999999997e+00 -1.500001992439000120e-01 7.930253534587633490e-02
5.736270296876999630e-01 1.182889999999999997e+00 -1.500001911642999952e-01 7.556069202225514092e-02
6.456089721587999763e-01 1.182889999999999997e+00 -1.499998992807000109e-01 7.350854991558540552e-02
7.143388875813999617e-01 1.182889999999999997e+00 -1.499998827609000107e-01 7.233977824519603750e-02
7.782799572158000112e-01 1.182889999999999997e+00 -1.499997403730999879e-01 7.004460151482663766e-02
8.360051474273000327e-01 1.182889999999999997e+00 -1.499995511306999874e-01 7.001662979822147193e-02
8.862250618967999483e-01 1.182889999999999997e+00 -1.500003786942999962e-01 7.024157476567827185e-02
9.278163051336999478e-01 1.182889999999999997e+00 -1.500003329634000127e-01 7.360312568726411209e-02
9.598510447875000517e-01 1.182889999999999997e+00 -1.499997729421999881e-01 8.154503489384892778e-02
9.816146965220999832e-01 1.182889999999999997e+00 -1.500001908600999967e-01 1.024410197764970276e-01
9.926181400204000527e-01 1.182889999999999997e+00 -1.499997659102000058e-01 1.332364928375715241e-01
7.381048127805000386e-03 1.299357000000000095e+00 -1.499996928851000111e-01 2.665962164549418589e-01
1.838577333882999987e-02 1.299357000000000095e+00 -1.499998656076000081e-01 2.868068616270846860e-01
4.014814336066999806e-02 1.299357000000000095e+00 -1.499996858531000010e-01 2.766640570427799095e-01
7.218322503460999906e-02 1.299357000000000095e+00 -1.500000655244999870e-01 2.691508472390946594e-01
1.137754079642000066e-01 1.299357000000000095e+00 -1.499996777735000120e-01 2.213904598660639267e-01
1.639949804134999967e-01 1.299357000000000095e+00 -1.499995656444000069e-01 1.723859757952424798e-01
2.217201706250999937e-01 1.299357000000000095e+00 -1.499993764020000064e-01 1.327620028290389109e-01
2.856615822795000037e-01 1.299357000000000095e+00 -1.500001737068999974e-01 1.090122568325996855e-01
3.543914977020999890e-01 1.299357000000000095e+00 -1.500001571869999939e-01 9.193636498094948095e-02
4.263734401732999779e-01 1.299357000000000095e+00 -1.499998653034000096e-01 8.447029991210512623e-02
4.999997650842000207e-01 1.299357000000000095e+00 -1.500001992439000120e-01 7.969303511007483354e-02
5.736270296876999630e-01 1.299357000000000095e+00 -1.500001911642999952e-01 7.505037808631753737e-02
6.456089721587999763e-01 1.299357000000000095e+00 -1.499998992807000109e-01 7.249940301057514191e-02
7.143388875813999617e-01 1.299357000000000095e+00 -1.499998827609000107e-01 7.139196334706240932e-02
7.782799572158000112e-01 1.299357000000000095e+00 -1.499997403730999879e-01 7.021455813342626640e-02
8.360051474273000327e-01 1.299357000000000095e+00 -1.499995511306999874e-01 6.970541703906457665e-02
8.862250618967999483e-01 1.299357000000000095e+00 -1.500003786942999962e-01 7.053094990376979068e-02
9.278163051336999478e-01 1.299357000000000095e+00 -1.500003329634000127e-01 7.469462334962860550e-02
9.598510447875000517e-01 1.299357000000000095e+00 -1.499997729421999881e-01 8.519117329012999840e-02
9.816146965220999832e-01 1.299357000000000095e+00 -1.500001908600999967e-01 1.162450805293483436e-01
9.926181400204000527e-01 1.299357000000000095e+00 -1.499997659102000058e-01 1.593723938055795208e-01
7.381048127805000386e-03 1.408557000000000059e+00 -1.499996928851000111e-01 2.522499949121685403e-01
1.838577333882999987e-02 1.408557000000000059e+00 -1.499998656076000081e-01 2.893991748602646186e-01
4.014814336066999806e-02 1.408557000000000059e+00 -1.499996858531000010e-01 2.797096291374644994e-01
7.218322503460999906e-02 1.408557000000000059e+00 -1.500000655244999870e-01 2.702596407847290827e-01
1.137754079642000066e-01 1.408557000000000059e+00 -1.499996777735000120e-01 2.244241981445625200e-01
1.639949804134999967e-01 1.408557000000000059e+00 -1.499995656444000069e-01 1.724398487207500219e-01
2.217201706250999937e-01 1.408557000000000059e+00 -1.499993764020000064e-01 1.351864994701516276e-01
2.856615822795000037e-01 1.408557000000000059e+00 -1.500001737068999974e-01 1.128191307726909148e-01
3.543914977020999890e-01 1.408557000000000059e+00 -1.500001571869999939e-01 9.253956133815906260e-02
4.263734401732999779e-01 1.408557000000000059e+00 -1.499998653034000096e-01 8.445297659175003691e-02
4.999997650842000207e-01 1.408557000000000059e+00 -1.500001992439000120e-01 8.008515996673384874e-02
5.736270296876999630e-01 1.408557000000000059e+00 -1.500001911642999952e-01 7.582282115610050610e-02
6.456089721587999763e-01 1.408557000000000059e+00 -1.499998992807000109e-01 7.345484871533350391e-02
7.143388875813999617e-01 1.408557000000000059e+00 -1.499998827609000107e-01 7.243209567222289036e-02
7.782799572158000112e-01 1.408557000000000059e+00 -1.499997403730999879e-01 7.076870542908707262e-02
8.360051474273000327e-01 1.408557000000000059e+00 -1.499995511306999874e-01 7.047057273874822447e-02
8.862250618967999483e-01 1.408557000000000059e+00 -1.500003786942999962e-01 7.218259414197771007e-02
9.278163051336999478e-01 1.408557000000000059e+00 -1.500003329634000127e-01 7.557020901763429610e-02
9.598510447875000517e-01 1.408557000000000059e+00 -1.499997729421999881e-01 8.438382348092927920e-02
9.816146965220999832e-01 1.408557000000000059e+00 -1.500001908600999967e-01 1.045053133303893850e-01
9.926181400204000527e-01 1.408557000000000059e+00 -1.499997659102000058e-01 1.427150445933806355e-01
7.381048127805000386e-03 1.509880000000000111e+00 -1.499996928851000111e-01 2.749402167989851709e-01
1.838577333882999987e-02 1.509880000000000111e+00 -1.499998656076000081e-01 3.115155498220535946e-01
4.014814336066999806e-02 1.509880000000000111e+00 -1.499996858531000010e-01 2.872331988361621069e-01
7.218322503460999906e-02 1.509880000000000111e+00 -1.500000655244999870e-01 2.714921712896214978e-01
1.137754079642000066e-01 1.509880000000000111e+00 -1.499996777735000120e-01 2.219895376697817169e-01
1.639949804134999967e-01 1.509880000000000111e+00 -1.499995656444000069e-01 1.712086848473602096e-01
2.217201706250999937e-01 1.509880000000000111e+00 -1.499993764020000064e-01 1.316501187065558520e-01
2.856615822795000037e-01 1.509880000000000111e+00 -1.500001737068999974e-01 1.074668176622967930e-01
3.543914977020999890e-01 1.509880000000000111e+00 -1.500001571869999939e-01 9.224310867081188248e-02
4.263734401732999779e-01 1.509880000000000111e+00 -1.499998653034000096e-01 8.526000906753090913e-02
4.999997650842000207e-01 1.509880000000000111e+00 -1.500001992439000120e-01 8.176324027766221358e-02
5.736270296876999630e-01 1.509880000000000111e+00 -1.500001911642999952e-01 7.683514339964397921e-02
6.456089721587999763e-01 1.509880000000000111e+00 -1.499998992807000109e-01 7.499648259953334284e-02
7.143388875813999617e-01 1.509880000000000111e+00 -1.499998827609000107e-01 7.355291560830087838e-02
7.782799572158000112e-01 1.509880000000000111e+00 -1.499997403730999879e-01 7.222473294772231711e-02
8.360051474273000327e-01 1.509880000000000111e+00 -1.499995511306999874e-01 7.245346455773996053e-02
8.862250618967999483e-01 1.509880000000000111e+00 -1.500003786942999962e-01 7.339049257651156233e-02
9.278163051336999478e-01 1.509880000000000111e+00 -1.500003329634000127e-01 7.790128936083057232e-02
9.598510447875000517e-01 1.509880000000000111e+00 -1.499997729421999881e-01 8.404750774879379827e-02
9.816146965220999832e-01 1.509880000000000111e+00 -1.500001908600999967e-01 1.102778429060513321e-01
9.926181400204000527e-01 1.509880000000000111e+00 -1.499997659102000058e-01 1.381077651469348189e-01
7.381048127805000386e-03 1.602759000000000045e+00 -1.499996928851000111e-01 2.855833011773145080e-01
1.838577333882999987e-02 1.602759000000000045e+00 -1.499998656076000081e-01 3.006261710334677817e-01
4.014814336066999806e-02 1.602759000000000045e+00 -1.499996858531000010e-01 2.744997447780087585e-01
7.218322503460999906e-02 1.602759000000000045e+00 -1.500000655244999870e-01 2.710016541559555625e-01
1.137754079642000066e-01 1.602759000000000045e+00 -1.499996777735000120e-01 2.207751831949358867e-01
1.639949804134999967e-01 1.602759000000000045e+00 -1.499995656444000069e-01 1.667341247119800973e-01
2.217201706250999937e-01 1.602759000000000045e+00 -1.499993764020000064e-01 1.292352268504108892e-01
2.856615822795000037e-01 1.602759000000000045e+00 -1.500001737068999974e-01 1.071123363774754561e-01
3.543914977020999890e-01 1.602759000000000045e+00 -1.500001571869999939e-01 8.953681590357363829e-02
4.263734401732999779e-01 1.602759000000000045e+00 -1.499998653034000096e-01 8.365416833211604397e-02
4.999997650842000207e-01 1.602759000000000045e+00 -1.500001992439000120e-01 8.143974926355772304e-02
5.736270296876999630e-01 1.602759000000000045e+00 -1.500001911642999952e-01 7.769965352433487460e-02
6.456089721587999763e-01 1.602759000000000045e+00 -1.499998992807000109e-01 7.600077084923731463e-02
7.143388875813999617e-01 1.602759000000000045e+00 -1.499998827609000107e-01 7.489425902570213955e-02
7.782799572158000112e-01 1.602759000000000045e+00 -1.499997403730999879e-01 7.449748784056399453e-02
8.360051474273000327e-01 1.602759000000000045e+00 -1.499995511306999874e-01 7.492519867218506990e-02
8.862250618967999483e-01 1.602759000000000045e+00 -1.500003786942999962e-01 7.582848264834293750e-02
9.278163051336999478e-01 1.602759000000000045e+00 -1.500003329634000127e-01 8.045018770966248789e-02
9.598510447875000517e-01 1.602759000000000045e+00 -1.499997729421999881e-01 8.818046623764898284e-02
9.816146965220999832e-01 1.602759000000000045e+00 -1.500001908600999967e-01 1.182688484129694323e-01
9.926181400204000527e-01 1.602759000000000045e+00 -1.499997659102000058e-01 1.737294122252635575e-01
7.381048127805000386e-03 1.686674999999999924e+00 -1.499996928851000111e-01 2.594054897156696238e-01
1.838577333882999987e-02 1.686674999999999924e+00 -1.499998656076000081e-01 3.122661746861961629e-01
4.014814336066999806e-02 1.686674999999999924e+00 -1.499996858531000010e-01 2.843481722349601726e-01
7.218322503460999906e-02 1.686674999999999924e+00 -1.500000655244999870e-01 2.604945575230928068e-01
1.137754079642000066e-01 1.686674999999999924e+00 -1.499996777735000120e-01 2.215874561537699572e-01
1.639949804134999967e-01 1.686674999999999924e+00 -1.499995656444000069e-01 1.732328107916441262e-01
2.217201706250999937e-01 1.686674999999999924e+00 -1.499993764020000064e-01 1.281505224928219944e-01
2.856615822795000037e-01 1.686674999999999924e+00 -1.500001737068999974e-01 1.027816542041431053e-01
3.543914977020999890e-01 1.686674999999999924e+00 -1.500001571869999939e-01 8.975083399010810870e-02
4.263734401732999779e-01 1.686674999999999924e+00 -1.499998653034000096e-01 8.347259377778118439e-02
4.999997650842000207e-01 1.686674999999999924e+00 -1.500001992439000120e-01 8.087041389483724807e-02
5.736270296876999630e-01 1.686674999999999924e+00 -1.500001911642999952e-01 7.749126003111110605e-02
6.456089721587999763e-01 1.686674999999999924e+00 -1.499998992807000109e-01 7.626704559632617453e-02
7.143388875813999617e-01 1.686674999999999924e+00 -1.499998827609000107e-01 7.609505227247148618e-02
7.782799572158000112e-01 1.686674999999999924e+00 -1.499997403730999879e-01 7.522815820484712868e-02
8.360051474273000327e-01 1.686674999999999924e+00 -1.499995511306999874e-01 7.489353832118580967e-02
8.862250618967999483e-01 1.686674999999999924e+00 -1.500003786942999962e-01 7.560705305557416378e-02
9.278163051336999478e-01 1.686674999999999924e+00 -1.500003329634000127e-01 8.030861000842630382e-02
9.598510447875000517e-01 1.686674999999999924e+00 -1.499997729421999881e-01 8.642676105623962879e-02
9.816146965220999832e-01 1.686674999999999924e+00 -1.500001908600999967e-01 1.081785009978164513e-01
9.926181400204000527e-01 1.686674999999999924e+00 -1.499997659102000058e-01 1.419746943661032712e-01
7.381048127805000386e-03 1.761158000000000001e+00 -1.499996928851000111e-01 2.696902220516372295e-01
1.838577333882999987e-02 1.761158000000000001e+00 -1.499998656076000081e-01 3.154229067924833041e-01
4.014814336066999806e-02 1.761158000000000001e+00 -1.499996858531000010e-01 2.867064382605156170e-01
7.218322503460999906e-02 1.761158000000000001e+00 -1.500000655244999870e-01 2.593995367317513678e-01
1.137754079642000066e-01 1.761158000000000001e+00 -1.499996777735000120e-01 2.126645076099295817e-01
1.639949804134999967e-01 1.761158000000000001e+00 -1.499995656444000069e-01 1.631838796207210063e-01
2.217201706250999937e-01 1.761158000000000001e+00 -1.499993764020000064e-01 1.234101877879387882e-01
2.856615822795000037e-01 1.761158000000000001e+00 -1.500001737068999974e-01 1.018664187841142182e-01
3.543914977020999890e-01 1.761158000000000001e+00 -1.500001571869999939e-01 8.833238510431130897e-02
4.263734401732999779e-01 1.761158000000000001e+00 -1.499998653034000096e-01 8.289103279043646966e-02
4.999997650842000207e-01 1.761158000000000001e+00 -1.500001992439000120e-01 8.145199517240563070e-02
5.736270296876999630e-01 1.761158000000000001e+00 -1.500001911642999952e-01 7.851617329013729774e-02
6.456089721587999763e-01 1.761158000000000001e+00 -1.499998992807000109e-01 7.729278994553534510e-02
7.143388875813999617e-01 1.761158000000000001e+00 -1.499998827609000107e-01 7.715729730844476941e-02
7.782799572158000112e-01 1.761158000000000001e+00 -1.499997403730999879e-01 7.639662731894830694e-02
8.360051474273000327e-01 1.761158000000000001e+00 -1.499995511306999874e-01 7.614271425706264917e-02
8.862250618967999483e-01 1.761158000000000001e+00 -1.500003786942999962e-01 7.662081554192591570e-02
9.278163051336999478e-01 1.761158000000000001e+00 -1.500003329634000127e-01 8.060046342701344957e-02
9.598510447875000517e-01 1.761158000000000001e+00 -1.499997729421999881e-01 8.759346015814691022e-02
9.816146965220999832e-01 1.761158000000000001e+00 -1.500001908600999967e-01 1.120765087521523734e-01
9.926181400204000527e-01 1.761158000000000001e+00 -1.499997659102000058e-01 1.469884568389096535e-01
7.381048127805000386e-03 1.825792000000000082e+00 -1.499996928851000111e-01 2.750780079267826084e-01
1.838577333882999987e-02 1.825792000000000082e+00 -1.499998656076000081e-01 3.200281818388686084e-01
4.014814336066999806e-02 1.825792000000000082e+00 -1.499996858531000010e-01 2.847376599129310959e-01
7.218322503460999906e-02 1.825792000000000082e+00 -1.500000655244999870e-01 2.584960116311628142e-01
1.137754079642000066e-01 1.825792000000000082e+00 -1.499996777735000120e-01 2.037109770422289023e-01
1.639949804134999967e-01 1.825792000000000082e+00 -1.499995656444000069e-01 1.513827029654027656e-01
2.217201706250999937e-01 1.825792000000000082e+00 -1.499993764020000064e-01 1.168636564782219583e-01
2.856615822795000037e-01 1.825792000000000082e+00 -1.500001737068999974e-01 1.016689016319288208e-01
3.543914977020999890e-01 1.825792000000000082e+00 -1.500001571869999939e-01 8.951380772374810391e-02
4.263734401732999779e-01 1.825792000000000082e+00 -1.499998653034000096e-01 8.316793774774264292e-02
4.999997650842000207e-01 1.825792000000000082e+00 -1.500001992439000120e-01 8.200907035532875589e-02
5.736270296876999630e-01 1.825792000000000082e+00 -1.500001911642999952e-01 7.983283297955426350e-02
6.456089721587999763e-01 1.825792000000000082e+00 -1.499998992807000109e-01 7.954232904054754638e-02
7.143388875813999617e-01 1.825792000000000082e+00 -1.499998827609000107e-01 7.865478025321905042e-02
7.782799572158000112e-01 1.825792000000000082e+00 -1.499997403730999879e-01 7.797354959826960363e-02
8.360051474273000327e-01 1.825792000000000082e+00 -1.499995511306999874e-01 7.872180703703664240e-02
8.862250618967999483e-01 1.825792000000000082e+00 -1.500003786942999962e-01 7.821644682708261964e-02
9.278163051336999478e-01 1.825792000000000082e+00 -1.500003329634000127e-01 8.084088047348911288e-02
9.598510447875000517e-01 1.825792000000000082e+00 -1.499997729421999881e-01 8.663650197410267817e-02
9.816146965220999832e-01 1.825792000000000082e+00 -1.500001908600999967e-01 1.165005466087993685e-01
9.926181400204000527e-01 1.825792000000000082e+00 -1.499997659102000058e-01 1.564005442666851764e-01
7.381048127805000386e-03 1.880216000000000109e+00 -1.499996928851000111e-01 3.400149812730563492e-01
1.838577333882999987e-02 1.880216000000000109e+00 -1.499998656076000081e-01 3.178607534499055531e-01
4.014814336066999806e-02 1.880216000000000109e+00 -1.499996858531000010e-01 2.760428097280030468e-01
7.218322503460999906e-02 1.880216000000000109e+00 -1.500000655244999870e-01 2.490088344825638622e-01
1.137754079642000066e-01 1.880216000000000109e+00 -1.499996777735000120e-01 1.970437644392981358e-01
1.639949804134999967e-01 1.880216000000000109e+00 -1.499995656444000069e-01 1.455540952512950903e-01
2.217201706250999937e-01 1.880216000000000109e+00 -1.499993764020000064e-01 1.155270007562785584e-01
2.856615822795000037e-01 1.880216000000000109e+00 -1.500001737068999974e-01 9.891525991174003607e-02
3.543914977020999890e-01 1.880216000000000109e+00 -1.500001571869999939e-01 8.901862266942178747e-02
4.263734401732999779e-01 1.880216000000000109e+00 -1.499998653034000096e-01 8.525564306502089740e-02
4.999997650842000207e-01 1.880216000000000109e+00 -1.500001992439000120e-01 8.444128334926023771e-02
5.736270296876999630e-01 1.880216000000000109e+00 -1.500001911642999952e-01 8.134727524778725960e-02
6.456089721587999763e-01 1.880216000000000109e+00 -1.499998992807000109e-01 8.103789232674214749e-02
7.143388875813999617e-01 1.880216000000000109e+00 -1.499998827609000107e-01 8.074646682602218406e-02
7.782799572158000112e-01 1.880216000000000109e+00 -1.499997403730999879e-01 8.049014264519549489e-02
8.360051474273000327e-01 1.880216000000000109e+00 -1.499995511306999874e-01 7.955604470431038022e-02
8.862250618967999483e-01 1.880216000000000109e+00 -1.500003786942999962e-01 7.981122092638902321e-02
9.278163051336999478e-01 1.880216000000000109e+00 -1.500003329634000127e-01 8.117002593488670259e-02
9.598510447875000517e-01 1.880216000000000109e+00 -1.499997729421999881e-01 8.458899827336043009e-02
9.816146965220999832e-01 1.880216000000000109e+00 -1.500001908600999967e-01 1.022798752394856042e-01
9.926181400204000527e-01 1.880216000000000109e+00 -1.499997659102000058e-01 1.182859902508283101e-01
7.381048127805000386e-03 1.924123999999999945e+00 -1.499996928851000111e-01 2.673516313134102762e-01
1.838577333882999987e-02 1.924123999999999945e+00 -1.499998656076000081e-01 3.034802139573212210e-01
4.014814336066999806e-02 1.924123999999999945e+00 -1.499996858531000010e-01 2.608098076191677217e-01
7.218322503460999906e-02 1.924123999999999945e+00 -1.500000655244999870e-01 2.303808770719012466e-01
1.137754079642000066e-01 1.924123999999999945e+00 -1.499996777735000120e-01 1.799825519733172507e-01
1.639949804134999967e-01 1.924123999999999945e+00 -1.499995656444000069e-01 1.358807216290052189e-01
2.217201706250999937e-01 1.924123999999999945e+00 -1.499993764020000064e-01 1.082819651237818814e-01
2.856615822795000037e-01 1.924123999999999945e+00 -1.500001737068999974e-01 9.865015339182167664e-02
3.543914977020999890e-01 1.924123999999999945e+00 -1.500001571869999939e-01 8.964960124100374017e-02
4.263734401732999779e-01 1.924123999999999945e+00 -1.499998653034000096e-01 8.614490734533154781e-02
4.999997650842000207e-01 1.924123999999999945e+00 -1.500001992439000120e-01 8.711136320714819858e-02
5.736270296876999630e-01 1.924123999999999945e+00 -1.500001911642999952e-01 8.347584857174254747e-02
6.456089721587999763e-01 1.924123999999999945e+00 -1.499998992807000109e-01 8.285154356951741905e-02
7.143388875813999617e-01 1.924123999999999945e+00 -1.499998827609000107e-01 8.289938643265916396e-02
7.782799572158000112e-01 1.924123999999999945e+00 -1.499997403730999879e-01 8.324797457774697762e-02
8.360051474273000327e-01 1.924123999999999945e+00 -1.499995511306999874e-01 8.266899264426712246e-02
8.862250618967999483e-01 1.924123999999999945e+00 -1.500003786942999962e-01 8.237690630682584225e-02
9.278163051336999478e-01 1.924123999999999945e+00 -1.500003329634000127e-01 8.248710365700202829e-02
9.598510447875000517e-01 1.924123999999999945e+00 -1.499997729421999881e-01 8.504669157814367941e-02
9.816146965220999832e-01 1.924123999999999945e+00 -1.500001908600999967e-01 1.003910885822844740e-01
9.926181400204000527e-01 1.924123999999999945e+00 -1.499997659102000058e-01 1.301662459859800058e-01
7.381048127805000386e-03 1.957271999999999901e+00 -1.499996928851000111e-01 2.458170327032867253e-01
1.838577333882999987e-02 1.957271999999999901e+00 -1.499998656076000081e-01 2.833221855972984371e-01
4.014814336066999806e-02 1.957271999999999901e+00 -1.499996858531000010e-01 2.300973644629112080e-01
7.218322503460999906e-02 1.957271999999999901e+00 -1.500000655244999870e-01 1.927701793784684092e-01
1.137754079642000066e-01 1.957271999999999901e+00 -1.499996777735000120e-01 1.581781337166855150e-01
1.639949804134999967e-01 1.957271999999999901e+00 -1.499995656444000069e-01 1.243831848225130376e-01
2.217201706250999937e-01 1.957271999999999901e+00 -1.499993764020000064e-01 1.060260143354062046e-01
2.856615822795000037e-01 1.957271999999999901e+00 -1.500001737068999974e-01 9.715927188684120308e-02
3.543914977020999890e-01 1.957271999999999901e+00 -1.500001571869999939e-01 9.282558109893029874e-02
4.263734401732999779e-01 1.957271999999999901e+00 -1.499998653034000096e-01 9.050383290269391201e-02
4.999997650842000207e-01 1.957271999999999901e+00 -1.500001992439000120e-01 8.748941898503898029e-02
5.736270296876999630e-01 1.957271999999999901e+00 -1.500001911642999952e-01 8.472389151924106243e-02
6.456089721587999763e-01 1.957271999999999901e+00 -1.499998992807000109e-01 8.540741313061603335e-02
7.143388875813999617e-01 1.957271999999999901e+00 -1.499998827609000107e-01 8.601186826856074830e-02
7.782799572158000112e-01 1.957271999999999901e+00 -1.499997403730999879e-01 8.581576383853341261e-02
8.360051474273000327e-01 1.957271999999999901e+00 -1.499995511306999874e-01 8.577829635626162130e-02
8.862250618967999483e-01 1.957271999999999901e+00 -1.500003786942999962e-01 8.559570745508916778e-02
9.278163051336999478e-01 1.957271999999999901e+00 -1.500003329634000127e-01 8.538802212770112143e-02
9.598510447875000517e-01 1.957271999999999901e+00 -1.499997729421999881e-01 8.680040746121282791e-02
9.816146965220999832e-01 1.957271999999999901e+00 -1.500001908600999967e-01 1.088539075146695984e-01
9.926181400204000527e-01 1.957271999999999901e+00 -1.499997659102000058e-01 1.412135809056409286e-01
7.381048127805000386e-03 1.979475000000000096e+00 -1.499996928851000111e-01 2.309435764127230895e-01
1.838577333882999987e-02 1.979475000000000096e+00 -1.499998656076000081e-01 2.446278406328591115e-01
4.014814336066999806e-02 1.979475000000000096e+00 -1.499996858531000010e-01 1.636085130386468189e-01
7.218322503460999906e-02 1.979475000000000096e+00 -1.500000655244999870e-01 1.623317722795688534e-01
1.137754079642000066e-01 1.979475000000000096e+00 -1.499996777735000120e-01 1.453624988380964045e-01
1.639949804134999967e-01 1.979475000000000096e+00 -1.499995656444000069e-01 1.218045935511703343e-01
2.217201706250999937e-01 1.979475000000000096e+00 -1.499993764020000064e-01 1.139766983724006255e-01
2.856615822795000037e-01 1.979475000000000096e+00 -1.500001737068999974e-01 1.086358222479999330e-01
3.543914977020999890e-01 1.979475000000000096e+00 -1.500001571869999939e-01 9.956887356587237892e-02
4.263734401732999779e-01 1.979475000000000096e+00 -1.499998653034000096e-01 9.832713116818823929e-02
4.999997650842000207e-01 1.979475000000000096e+00 -1.500001992439000120e-01 9.505959917964844352e-02
5.736270296876999630e-01 1.979475000000000096e+00 -1.500001911642999952e-01 9.516484215479645292e-02
6.456089721587999763e-01 1.979475000000000096e+00 -1.499998992807000109e-01 9.175859504172091674e-02
7.143388875813999617e-01 1.979475000000000096e+00 -1.499998827609000107e-01 9.160957560160816471e-02
7.782799572158000112e-01 1.979475000000000096e+00 -1.499997403730999879e-01 9.127161485376571182e-02
8.360051474273000327e-01 1.979475000000000096e+00 -1.499995511306999874e-01 9.057149854803150935e-02
8.862250618967999483e-01 1.979475000000000096e+00 -1.500003786942999962e-01 9.462368181998434546e-02
9.278163051336999478e-01 1.979475000000000096e+00 -1.500003329634000127e-01 9.442529335887189790e-02
9.598510447875000517e-01 1.979475000000000096e+00 -1.499997729421999881e-01 9.357729551043000860e-02
9.816146965220999832e-01 1.979475000000000096e+00 -1.500001908600999967e-01 1.081325097387692835e-01
9.926181400204000527e-01 1.979475000000000096e+00 -1.499997659102000058e-01 1.371593423058329875e-01
7.381048127805000386e-03 1.990607000000000015e+00 -1.499996928851000111e-01 2.022990568390025390e-01
1.838577333882999987e-02 1.990607000000000015e+00 -1.499998656076000081e-01 1.668869798036836105e-01
4.014814336066999806e-02 1.990607000000000015e+00 -1.499996858531000010e-01 1.523866019263657445e-01
7.218322503460999906e-02 1.990607000000000015e+00 -1.500000655244999870e-01 1.805410612382265800e-01
1.137754079642000066e-01 1.990607000000000015e+00 -1.499996777735000120e-01 1.614037585114169171e-01
1.639949804134999967e-01 1.990607000000000015e+00 -1.499995656444000069e-01 1.446830545910889609e-01
2.217201706250999937e-01 1.990607000000000015e+00 -1.499993764020000064e-01 1.379272587758490487e-01
2.856615822795000037e-01 1.990607000000000015e+00 -1.500001737068999974e-01 1.265108915040586979e-01
3.543914977020999890e-01 1.990607000000000015e+00 -1.500001571869999939e-01 1.233074140531462554e-01
4.263734401732999779e-01 1.990607000000000015e+00 -1.499998653034000096e-01 1.357084072433066557e-01
4.999997650842000207e-01 1.990607000000000015e+00 -1.500001992439000120e-01 1.117790814599719101e-01
5.736270296876999630e-01 1.990607000000000015e+00 -1.500001911642999952e-01 1.124323560463021537e-01
6.456089721587999763e-01 1.990607000000000015e+00 -1.499998992807000109e-01 1.058158426845298566e-01
7.143388875813999617e-01 1.990607000000000015e+00 -1.499998827609000107e-01 1.037471093663779459e-01
7.782799572158000112e-01 1.990607000000000015e+00 -1.499997403730999879e-01 1.053101844528085834e-01
8.360051474273000327e-01 1.990607000000000015e+00 -1.499995511306999874e-01 1.078606904990273702e-01
8.862250618967999483e-01 1.990607000000000015e+00 -1.500003786942999962e-01 1.075947187751448153e-01
9.278163051336999478e-01 1.990607000000000015e+00 -1.500003329634000127e-01 1.119277627947707909e-01
9.598510447875000517e-01 1.990607000000000015e+00 -1.499997729421999881e-01 1.143017577289542480e-01
9.816146965220999832e-01 1.990607000000000015e+00 -1.500001908600999967e-01 1.199830562557265140e-01
9.926181400204000527e-01 1.990607000000000015e+00 -1.499997659102000058e-01 1.285341810139426222e-01
