# ['# x', 'y', 'z', 'rmsCpNN']
7.381077093650999926e-03 2.000000000000000000e+00 -1.457514846747000048e-01 2.441590820546597762e-01
1.838580230467999968e-02 2.000000000000000000e+00 -1.457516573972000018e-01 2.739729004085142416e-01
4.014817232652000134e-02 2.000000000000000000e+00 -1.457514776426999947e-01 2.635608277875369776e-01
7.218325400045999540e-02 2.000000000000000000e+00 -1.457518573141000084e-01 2.908435558766357398e-01
1.137754369301000046e-01 2.000000000000000000e+00 -1.457514695630000023e-01 3.307034328413503976e-01
1.639950093793000052e-01 2.000000000000000000e+00 -1.457513574340000007e-01 3.109127340765005520e-01
2.217201995909000023e-01 2.000000000000000000e+00 -1.457511681916000001e-01 2.877961559700855099e-01
2.856616112454000156e-01 2.000000000000000000e+00 -1.457519654963999878e-01 2.676754371379090891e-01
3.543911846478000061e-01 2.000000000000000000e+00 -1.457510092839000015e-01 1.928553624326806160e-01
4.263734691391000142e-01 2.000000000000000000e+00 -1.457516570930000033e-01 1.912462001044017978e-01
4.999997940500000015e-01 2.000000000000000000e+00 -1.457519910335000057e-01 1.479362891153762904e-01
5.736270586535999749e-01 2.000000000000000000e+00 -1.457519829538999889e-01 1.398758308433481756e-01
6.456090011246999882e-01 2.000000000000000000e+00 -1.457516910703000046e-01 1.675274440410967347e-01
7.143389165472999736e-01 2.000000000000000000e+00 -1.457516745504000011e-01 1.504619165040724793e-01
7.782799861815999920e-01 2.000000000000000000e+00 -1.457515321627000093e-01 1.323286502004003273e-01
8.360051763932000446e-01 2.000000000000000000e+00 -1.457513429203000088e-01 1.317398587989435099e-01
8.862247488425000208e-01 2.000000000000000000e+00 -1.457512307912000038e-01 1.487522864316087878e-01
9.278163340995999597e-01 2.000000000000000000e+00 -1.457521247529000030e-01 1.465482483936841052e-01
9.598520134460000186e-01 2.000000000000000000e+00 -1.457512227115999870e-01 1.513620917252013476e-01
9.816143834678999758e-01 2.000000000000000000e+00 -1.457510429571000077e-01 1.383973777146810802e-01
9.926181689862999535e-01 2.000000000000000000e+00 -1.457515576996999962e-01 1.327587025351300576e-01
7.381618074840000029e-03 2.000000000000000000e+00 -1.281721351501000083e-01 3.387726658624281018e-01
1.838506157309999917e-02 2.000000000000000000e+00 -1.281717102000999864e-01 3.238710464552380097e-01
4.014871330770999891e-02 2.000000000000000000e+00 -1.281721281180999983e-01 2.827056471088292278e-01
7.218345296149999979e-02 2.000000000000000000e+00 -1.281715680969000015e-01 2.859510507078002473e-01
1.137746961985000027e-01 2.000000000000000000e+00 -1.281715223659999903e-01 3.138847090555548780e-01
1.639942686478000067e-01 2.000000000000000000e+00 -1.281714102369000130e-01 3.250179801173117555e-01
2.217198008794999953e-01 2.000000000000000000e+00 -1.281721606870999952e-01 3.230536930526044515e-01
2.856618102064000242e-01 2.000000000000000000e+00 -1.281716762792000086e-01 3.002027258778824925e-01
3.543907859363999990e-01 2.000000000000000000e+00 -1.281720017795000000e-01 2.692220781730969015e-01
4.263727284075000123e-01 2.000000000000000000e+00 -1.281717098958999879e-01 2.466313413210670658e-01
4.999999930110999857e-01 2.000000000000000000e+00 -1.281717018162999988e-01 2.202948483811844049e-01
5.736272576145999835e-01 2.000000000000000000e+00 -1.281716937367000098e-01 2.028392320348471334e-01
6.456092000856999968e-01 2.000000000000000000e+00 -1.281714018530999977e-01 1.875371836171875195e-01
7.143381758157000272e-01 2.000000000000000000e+00 -1.281717273533999890e-01 1.855567806276638421e-01
7.782801851427000317e-01 2.000000000000000000e+00 -1.281712429455000024e-01 1.780353047627236673e-01
8.360057173743999925e-01 2.000000000000000000e+00 -1.281719933957000124e-01 1.793534812130466727e-01
8.862252898236999687e-01 2.000000000000000000e+00 -1.281718812666000074e-01 1.801390704748961347e-01
9.278165330605999683e-01 2.000000000000000000e+00 -1.281718355356999961e-01 1.881596015763079555e-01
9.598516147346000116e-01 2.000000000000000000e+00 -1.281722152071000098e-01 1.683818525388798004e-01
9.816139847564000487e-01 2.000000000000000000e+00 -1.281720354526000027e-01 1.773138788303866564e-01
9.926187099673999814e-01 2.000000000000000000e+00 -1.281722081752000031e-01 1.540508274054358806e-01
7.381445299888000217e-03 2.000000000000000000e+00 -9.513267073296000076e-02 3.598975825041064169e-01
1.838617051090999863e-02 2.000000000000000000e+00 -9.513284345547000365e-02 3.442255977939546185e-01
4.014854053275999923e-02 2.000000000000000000e+00 -9.513266370096000457e-02 2.981862209496914939e-01
7.218328018655000011e-02 2.000000000000000000e+00 -9.513210367975999393e-02 2.803847076430386887e-01
1.137758051363000067e-01 2.000000000000000000e+00 -9.513265562132000586e-02 2.475572006760539401e-01
1.639944378928999968e-01 2.000000000000000000e+00 -9.513288551239999780e-02 2.521921799688232046e-01
2.217196281044999939e-01 2.000000000000000000e+00 -9.513269627001999518e-02 2.761701922472173387e-01
2.856616374315000262e-01 2.000000000000000000e+00 -9.513221186211999469e-02 2.980259004450894200e-01
3.543906131615000010e-01 2.000000000000000000e+00 -9.513253736238999614e-02 3.149977020888134471e-01
4.263725556326000143e-01 2.000000000000000000e+00 -9.513224547882999371e-02 3.197726960767260374e-01
4.999998202361000121e-01 2.000000000000000000e+00 -9.513223739918999500e-02 3.090921092762531908e-01
5.736270848397000410e-01 2.000000000000000000e+00 -9.513222931954000428e-02 2.924314409120261082e-01
6.456093693308999626e-01 2.000000000000000000e+00 -9.513287712859999634e-02 2.780940093730799312e-01
7.143380030407999737e-01 2.000000000000000000e+00 -9.513226293625000329e-02 2.567683106246683167e-01
7.782803543877999664e-01 2.000000000000000000e+00 -9.513271822096999730e-02 2.440919890179637508e-01
8.360055445994000189e-01 2.000000000000000000e+00 -9.513252897858999468e-02 2.346548064923601462e-01
8.862251170486999952e-01 2.000000000000000000e+00 -9.513241684952999933e-02 2.224201092307130367e-01
9.278163602857000258e-01 2.000000000000000000e+00 -9.513237111861000406e-02 2.105334988151422171e-01
9.598514419596000380e-01 2.000000000000000000e+00 -9.513275079003000179e-02 2.023660052079766236e-01
9.816147516740999501e-01 2.000000000000000000e+00 -9.513222901538000154e-02 1.900544474527634531e-01
9.926185371925000389e-01 2.000000000000000000e+00 -9.513274375803999761e-02 1.686724879794291032e-01
7.380965183563999686e-03 2.000000000000000000e+00 -5.061935343611000115e-02 3.112572394728264635e-01
1.838534837445000153e-02 2.000000000000000000e+00 -5.061858646600000261e-02 3.179526114510147772e-01
4.014806041643000090e-02 2.000000000000000000e+00 -5.061934640411999697e-02 2.883794824138247170e-01
7.218373976285000215e-02 2.000000000000000000e+00 -5.061844436277999904e-02 2.822508340075209343e-01
1.137753250199999983e-01 2.000000000000000000e+00 -5.061933832447999826e-02 2.493114803666977575e-01
1.639948974692000128e-01 2.000000000000000000e+00 -5.061922619542000290e-02 2.101205271522352536e-01
2.217200876808000098e-01 2.000000000000000000e+00 -5.061903695303000134e-02 1.853050341977003357e-01
2.856611573151000005e-01 2.000000000000000000e+00 -5.061889456528000097e-02 1.842488583563284543e-01
3.543910727378000169e-01 2.000000000000000000e+00 -5.061887804540000230e-02 2.029146631882670915e-01
4.263730152088999747e-01 2.000000000000000000e+00 -5.061858616183999987e-02 2.252553967935054802e-01
5.000002798124000281e-01 2.000000000000000000e+00 -5.061857808220000116e-02 2.477981942174664609e-01
5.736266047232999599e-01 2.000000000000000000e+00 -5.061891202269999668e-02 2.612881308456003748e-01
6.456088892146000235e-01 2.000000000000000000e+00 -5.061955983176000262e-02 2.639764616627043869e-01
7.143384626170999896e-01 2.000000000000000000e+00 -5.061860361926000251e-02 2.511231044020678649e-01
7.782798742715000273e-01 2.000000000000000000e+00 -5.061940092412999664e-02 2.292317665244994473e-01
8.360050644830999689e-01 2.000000000000000000e+00 -5.061921168175000096e-02 2.143578582589502901e-01
8.862246369323999451e-01 2.000000000000000000e+00 -5.061909955267999972e-02 2.025679741165520853e-01
9.278168198620000418e-01 2.000000000000000000e+00 -5.061871180162000328e-02 1.870933329402065248e-01
9.598519015359000539e-01 2.000000000000000000e+00 -5.061909147304000101e-02 1.729565861804851501e-01
9.816142715578000111e-01 2.000000000000000000e+00 -5.061891171854000088e-02 1.557678292531393394e-01
9.926189967688000548e-01 2.000000000000000000e+00 -5.061908444104999683e-02 1.530700957916956428e-01
7.380991369658000331e-03 2.000000000000000000e+00 4.001982065733000104e-07 3.044287361031303152e-01
1.838571658068000048e-02 2.000000000000000000e+00 2.274756991638000104e-07 2.856043298898955363e-01
4.014808660252999761e-02 2.000000000000000000e+00 4.072301995658000175e-07 2.789869745204105467e-01
7.218316827647000555e-02 2.000000000000000000e+00 2.755878097989999930e-08 2.642754408215059470e-01
1.137753512060999950e-01 2.000000000000000000e+00 4.153098418545000027e-07 2.448394019227092266e-01
1.639949236552999956e-01 2.000000000000000000e+00 5.274389047223000515e-07 2.168422146322329658e-01
2.217204558870999875e-01 2.000000000000000000e+00 -2.230113346773999931e-07 1.761923382235865421e-01
2.856615255214000060e-01 2.000000000000000000e+00 -8.062357890389000637e-08 1.401982919331528632e-01
3.543914409439999913e-01 2.000000000000000000e+00 -6.410370493056999781e-08 1.261136376089323496e-01
4.263733834151000046e-01 2.000000000000000000e+00 2.277798583540000097e-07 1.346877590884751619e-01
4.999997083259999919e-01 2.000000000000000000e+00 -1.061606426821999968e-07 1.486538263418259731e-01
5.736269729295999653e-01 2.000000000000000000e+00 -9.808100040041000040e-08 1.591293985294293389e-01
6.456089154006999786e-01 2.000000000000000000e+00 1.938025628989000083e-07 1.723152389034131871e-01
7.143388308232999639e-01 2.000000000000000000e+00 2.103224368583000097e-07 1.867068321756276683e-01
7.782799004575999824e-01 2.000000000000000000e+00 3.527101926161999998e-07 1.885942354712758784e-01
8.360054326893000542e-01 2.000000000000000000e+00 -3.977400468157000022e-07 1.868485885637642674e-01
8.862250051386000305e-01 2.000000000000000000e+00 -2.856109838800999954e-07 1.777702897687477301e-01
9.278162483755999501e-01 2.000000000000000000e+00 -2.398800663807999958e-07 1.661423448624003429e-01
9.598513300494999623e-01 2.000000000000000000e+00 -6.195514849424000118e-07 1.586965994120810575e-01
9.816146397639999854e-01 2.000000000000000000e+00 -9.777684120851999835e-08 1.637673508514639609e-01
9.926184252823999632e-01 2.000000000000000000e+00 -6.125194919202999619e-07 1.715364722218116200e-01
7.381359575895999822e-03 2.000000000000000000e+00 5.061921413991000290e-02 2.648217230328454574e-01
1.838608478691999837e-02 2.000000000000000000e+00 5.061904141740000002e-02 2.860908931590876447e-01
4.014845480877000244e-02 2.000000000000000000e+00 5.061922117190000014e-02 2.708926185258013208e-01
7.218353648269999756e-02 2.000000000000000000e+00 5.061884150048000242e-02 2.459444481088606527e-01
1.137747797197000005e-01 2.000000000000000000e+00 5.061888723139999768e-02 2.292476678953891123e-01
1.639943521689999906e-01 2.000000000000000000e+00 5.061899936045999998e-02 2.214911999824502875e-01
2.217195423805000121e-01 2.000000000000000000e+00 5.061918860284000260e-02 1.910354025804202605e-01
2.856618937275999803e-01 2.000000000000000000e+00 5.061873331812000165e-02 1.482918521503790721e-01
3.543905274374999914e-01 2.000000000000000000e+00 5.061934751047000164e-02 1.199854432288913059e-01
4.263728119287000240e-01 2.000000000000000000e+00 5.061869970141000263e-02 1.067795874013798552e-01
5.000000765323000529e-01 2.000000000000000000e+00 5.061870778106000029e-02 1.065382975332581084e-01
5.736273411358000507e-01 2.000000000000000000e+00 5.061871586069999901e-02 1.097706511712221861e-01
6.456092836068999530e-01 2.000000000000000000e+00 5.061900774426000144e-02 1.154712110547762294e-01
7.143382593368999833e-01 2.000000000000000000e+00 5.061868224398999999e-02 1.182055504706901600e-01
7.782802686637999567e-01 2.000000000000000000e+00 5.061916665189000047e-02 1.245705865412292251e-01
8.360054588754000093e-01 2.000000000000000000e+00 5.061935589427000309e-02 1.293453758835642065e-01
8.862250313246999855e-01 2.000000000000000000e+00 5.061946802333999740e-02 1.318604535431981972e-01
9.278166165818000355e-01 2.000000000000000000e+00 5.061857406162999923e-02 1.297908205262195414e-01
9.598513562356000284e-01 2.000000000000000000e+00 5.061913408284000188e-02 1.270516064858968619e-01
9.816150079701999598e-01 2.000000000000000000e+00 5.061871616486000175e-02 1.442776613106869776e-01
9.926184514685000293e-01 2.000000000000000000e+00 5.061914111482999912e-02 1.716256935455416632e-01
7.380879459571000091e-03 2.000000000000000000e+00 9.513253143675000356e-02 2.482502968270498822e-01
1.838560467059999898e-02 2.000000000000000000e+00 9.513235871424000067e-02 2.617414448720765674e-01
4.014797469243999717e-02 2.000000000000000000e+00 9.513253846873999386e-02 2.729139833507195356e-01
7.218399605899999960e-02 2.000000000000000000e+00 9.513250081747000320e-02 2.378518646328215413e-01
1.137752392960000025e-01 2.000000000000000000e+00 9.513254654838999846e-02 2.241515055066308215e-01
1.639948117453000065e-01 2.000000000000000000e+00 9.513265867744999382e-02 2.140636476720194636e-01
2.217200019568000002e-01 2.000000000000000000e+00 9.513284791982999644e-02 1.954279479032310640e-01
2.856614136112999858e-01 2.000000000000000000e+00 9.513205061495999537e-02 1.612786275782093770e-01
3.543909870138000073e-01 2.000000000000000000e+00 9.513300682745999548e-02 1.357880794334065389e-01
4.263732715049999844e-01 2.000000000000000000e+00 9.513235901840000341e-02 1.205086569085556530e-01
5.000005361085999578e-01 2.000000000000000000e+00 9.513236709804000213e-02 1.070518933489458813e-01
5.736268610195000006e-01 2.000000000000000000e+00 9.513203315753999967e-02 1.040368253304689156e-01
6.456088034906000139e-01 2.000000000000000000e+00 9.513232504110999410e-02 9.987488554263206086e-02
7.143387189131999992e-01 2.000000000000000000e+00 9.513234156097999383e-02 9.848743070867704841e-02
7.782797885475000177e-01 2.000000000000000000e+00 9.513248394873999314e-02 9.589136432554301592e-02
8.360049787590999593e-01 2.000000000000000000e+00 9.513267319111999576e-02 1.018623156164847332e-01
8.862245512084000465e-01 2.000000000000000000e+00 9.513278532018000500e-02 1.006311112724076751e-01
9.278170761581000514e-01 2.000000000000000000e+00 9.513223337861999307e-02 1.046612026103688198e-01
9.598518158119000443e-01 2.000000000000000000e+00 9.513279339982000371e-02 1.079910414394976842e-01
9.816141858338000015e-01 2.000000000000000000e+00 9.513297315431999690e-02 1.308908186906696802e-01
9.926189110448000452e-01 2.000000000000000000e+00 9.513280043181999990e-02 1.499977691312483485e-01
7.380706684620000346e-03 2.000000000000000000e+00 1.281719958538999893e-01 2.696124856003757619e-01
1.838543189564000035e-02 2.000000000000000000e+00 1.281718231313999923e-01 2.595196270198448230e-01
4.014780191748999749e-02 2.000000000000000000e+00 1.281720028858999993e-01 2.376823488848496535e-01
7.218382328404999992e-02 2.000000000000000000e+00 1.281719652346000049e-01 2.389993453196268824e-01
1.137750665210000012e-01 2.000000000000000000e+00 1.281720109654999884e-01 2.188553262567332625e-01
1.639946389703000051e-01 2.000000000000000000e+00 1.281721230945999934e-01 1.975940963267198702e-01
2.217201712019999937e-01 2.000000000000000000e+00 1.281713726443000079e-01 1.864283535713592566e-01
2.856612408363000122e-01 2.000000000000000000e+00 1.281715150321000030e-01 1.734121086920944466e-01
3.543911562589999731e-01 2.000000000000000000e+00 1.281715315520000065e-01 1.590993370512200633e-01
4.263730987300999864e-01 2.000000000000000000e+00 1.281718234354999875e-01 1.493528188153336322e-01
5.000003633335999842e-01 2.000000000000000000e+00 1.281718315152000076e-01 1.423171885795351532e-01
5.736266882445000270e-01 2.000000000000000000e+00 1.281714975747000052e-01 1.383736907106545844e-01
6.456086307156000403e-01 2.000000000000000000e+00 1.281717894581999861e-01 1.320546546332575788e-01
7.143385461382999457e-01 2.000000000000000000e+00 1.281718059780999897e-01 1.214312727867664782e-01
7.782796157725999642e-01 2.000000000000000000e+00 1.281719483659000125e-01 1.194715482627532049e-01
8.360051480043000360e-01 2.000000000000000000e+00 1.281711979155999992e-01 1.210867737310294678e-01
8.862247204536000122e-01 2.000000000000000000e+00 1.281713100447000042e-01 1.221449552957238199e-01
9.278169033831999979e-01 2.000000000000000000e+00 1.281716977957000070e-01 1.206571054500982509e-01
9.598516430369999908e-01 2.000000000000000000e+00 1.281722578169000037e-01 1.267669328075766155e-01
9.816143550789999672e-01 2.000000000000000000e+00 1.281714978788000003e-01 1.575452931603640583e-01
9.926187382697999606e-01 2.000000000000000000e+00 1.281722648489000138e-01 1.789123134913153113e-01
7.381247665808999582e-03 2.000000000000000000e+00 1.457513453784000101e-01 2.026294852533505608e-01
1.838597287683000139e-02 2.000000000000000000e+00 1.457511726559000131e-01 1.964462625654332661e-01
4.014834289868000200e-02 2.000000000000000000e+00 1.457513524103999925e-01 2.203175028806514668e-01
7.218308255246999594e-02 2.000000000000000000e+00 1.457519124315999892e-01 2.232037319862787417e-01
1.137756075022000046e-01 2.000000000000000000e+00 1.457513604901000126e-01 2.040072151842513282e-01
1.639951799515000086e-01 2.000000000000000000e+00 1.457514726190999865e-01 1.845064436001655206e-01
2.217203701631000057e-01 2.000000000000000000e+00 1.457516618614999870e-01 1.984986894967840643e-01
2.856614397973999964e-01 2.000000000000000000e+00 1.457518042493000099e-01 2.007584366046083757e-01
3.543913552199999817e-01 2.000000000000000000e+00 1.457518207692000134e-01 2.109069108740407594e-01
4.263732976910999950e-01 2.000000000000000000e+00 1.457521126526999944e-01 2.211397646510536441e-01
4.999996226019999823e-01 2.000000000000000000e+00 1.457517787121999919e-01 2.116025413183353354e-01
5.736268872055999557e-01 2.000000000000000000e+00 1.457517867919000121e-01 2.219821623990504700e-01
6.456091716967999883e-01 2.000000000000000000e+00 1.457511389828000103e-01 2.203366111591938126e-01
7.143387450992999543e-01 2.000000000000000000e+00 1.457520951952999966e-01 1.884969446116924185e-01
7.782801567538000231e-01 2.000000000000000000e+00 1.457512978904000056e-01 1.818219087595121242e-01
8.360053469653999647e-01 2.000000000000000000e+00 1.457514871328000061e-01 1.875144591878621092e-01
8.862249194146000209e-01 2.000000000000000000e+00 1.457515992619000111e-01 1.988074774838128611e-01
9.278161626516000515e-01 2.000000000000000000e+00 1.457516449927999946e-01 2.026327479381521413e-01
9.598512443254999527e-01 2.000000000000000000e+00 1.457512653214000087e-01 1.984437248281271382e-01
9.816145540399999758e-01 2.000000000000000000e+00 1.457517870960000073e-01 1.868654919540490011e-01
9.926183395583999536e-01 2.000000000000000000e+00 1.457512723533999910e-01 2.269235320994633376e-01
