# ['# x', 'y', 'z', 'rmsCpNN']
7.381852799994000243e-03 7.448299999999999366e-02 -1.499996774342000072e-01 1.859894367089912903e-01
1.838588243872999947e-02 7.448299999999999366e-02 -1.500005199273000134e-01 1.705411916443853870e-01
4.014867231286999710e-02 7.448299999999999366e-02 -1.499995743646999891e-01 1.591995250174866872e-01
7.218321846908000439e-02 7.448299999999999366e-02 -1.500003263515000129e-01 1.528091826813125498e-01
1.137752048197999966e-01 7.448299999999999366e-02 -1.499996893087000016e-01 1.573747465769450848e-01
1.639950539696999887e-01 7.448299999999999366e-02 -1.500002836252999905e-01 1.576853156954692303e-01
2.217200544459000111e-01 7.448299999999999366e-02 -1.500001223131000039e-01 1.598646792631895353e-01
2.856614143696999952e-01 7.448299999999999366e-02 -1.500004275791000097e-01 1.608243781364905034e-01
3.543906181327999838e-01 7.448299999999999366e-02 -1.500001239523000018e-01 1.617619727302858912e-01
4.263732571568999985e-01 7.448299999999999366e-02 -1.499997727062999942e-01 1.610656827229203503e-01
4.999997896637999872e-01 7.448299999999999366e-02 -1.499998876503000067e-01 1.602663638266356994e-01
5.736273069784000311e-01 7.448299999999999366e-02 -1.500001762425000051e-01 1.593117000560600460e-01
6.456089611948000462e-01 7.448299999999999366e-02 -1.499996513483000116e-01 1.592427773742930430e-01
7.143389761174999686e-01 7.448299999999999366e-02 -1.500005061773999893e-01 1.568651658470384125e-01
7.782805096895000219e-01 7.448299999999999366e-02 -1.499998266355999921e-01 1.527951233738327752e-01
8.360055101655999854e-01 7.448299999999999366e-02 -1.499996653235000088e-01 1.471496279918360905e-01
8.862243745079000368e-01 7.448299999999999366e-02 -1.500000859919000118e-01 1.407160159988594395e-01
9.278161872103000141e-01 7.448299999999999366e-02 -1.500004337569000035e-01 1.329478152292639659e-01
9.598518918224999696e-01 7.448299999999999366e-02 -1.500003745841000102e-01 1.333994870250307940e-01
9.816145080485000340e-01 7.448299999999999366e-02 -1.500004138292000133e-01 1.497369127497021890e-01
9.926187113354000280e-01 7.448299999999999366e-02 -1.500002715145999921e-01 1.769470521074912595e-01
7.381852799994000243e-03 2.230330000000000090e-01 -1.499996774342000072e-01 1.812850065838360614e-01
1.838588243872999947e-02 2.230330000000000090e-01 -1.500005199273000134e-01 1.833828038444965391e-01
4.014867231286999710e-02 2.230330000000000090e-01 -1.499995743646999891e-01 1.859346010951897221e-01
7.218321846908000439e-02 2.230330000000000090e-01 -1.500003263515000129e-01 1.749211128175379160e-01
1.137752048197999966e-01 2.230330000000000090e-01 -1.499996893087000016e-01 1.735627560038972006e-01
1.639950539696999887e-01 2.230330000000000090e-01 -1.500002836252999905e-01 1.668170324031994223e-01
2.217200544459000111e-01 2.230330000000000090e-01 -1.500001223131000039e-01 1.666885653854731919e-01
2.856614143696999952e-01 2.230330000000000090e-01 -1.500004275791000097e-01 1.627969247892448179e-01
3.543906181327999838e-01 2.230330000000000090e-01 -1.500001239523000018e-01 1.587917038628244570e-01
4.263732571568999985e-01 2.230330000000000090e-01 -1.499997727062999942e-01 1.551804627969460837e-01
4.999997896637999872e-01 2.230330000000000090e-01 -1.499998876503000067e-01 1.534848239340657616e-01
5.736273069784000311e-01 2.230330000000000090e-01 -1.500001762425000051e-01 1.534529495378526565e-01
6.456089611948000462e-01 2.230330000000000090e-01 -1.499996513483000116e-01 1.543102115217004910e-01
7.143389761174999686e-01 2.230330000000000090e-01 -1.500005061773999893e-01 1.532394987631543193e-01
7.782805096895000219e-01 2.230330000000000090e-01 -1.499998266355999921e-01 1.520142332033097288e-01
8.360055101655999854e-01 2.230330000000000090e-01 -1.499996653235000088e-01 1.519551677698441627e-01
8.862243745079000368e-01 2.230330000000000090e-01 -1.500000859919000118e-01 1.522307314021158764e-01
9.278161872103000141e-01 2.230330000000000090e-01 -1.500004337569000035e-01 1.483602819866899902e-01
9.598518918224999696e-01 2.230330000000000090e-01 -1.500003745841000102e-01 1.525935454524457169e-01
9.816145080485000340e-01 2.230330000000000090e-01 -1.500004138292000133e-01 1.564455990796124740e-01
9.926187113354000280e-01 2.230330000000000090e-01 -1.500002715145999921e-01 1.688493397035861765e-01
7.381852799994000243e-03 3.703359999999999985e-01 -1.499996774342000072e-01 1.908787170296553648e-01
1.838588243872999947e-02 3.703359999999999985e-01 -1.500005199273000134e-01 1.947170046052345282e-01
4.014867231286999710e-02 3.703359999999999985e-01 -1.499995743646999891e-01 2.014662971886544141e-01
7.218321846908000439e-02 3.703359999999999985e-01 -1.500003263515000129e-01 1.897464928230462033e-01
1.137752048197999966e-01 3.703359999999999985e-01 -1.499996893087000016e-01 1.859782472563431821e-01
1.639950539696999887e-01 3.703359999999999985e-01 -1.500002836252999905e-01 1.788752405849921567e-01
2.217200544459000111e-01 3.703359999999999985e-01 -1.500001223131000039e-01 1.756481038375821702e-01
2.856614143696999952e-01 3.703359999999999985e-01 -1.500004275791000097e-01 1.721243351746714889e-01
3.543906181327999838e-01 3.703359999999999985e-01 -1.500001239523000018e-01 1.689801469357635477e-01
4.263732571568999985e-01 3.703359999999999985e-01 -1.499997727062999942e-01 1.651528749603476121e-01
4.999997896637999872e-01 3.703359999999999985e-01 -1.499998876503000067e-01 1.643109068173981835e-01
5.736273069784000311e-01 3.703359999999999985e-01 -1.500001762425000051e-01 1.640786251119002725e-01
6.456089611948000462e-01 3.703359999999999985e-01 -1.499996513483000116e-01 1.641234132296211234e-01
7.143389761174999686e-01 3.703359999999999985e-01 -1.500005061773999893e-01 1.628195267601456886e-01
7.782805096895000219e-01 3.703359999999999985e-01 -1.499998266355999921e-01 1.625512807128651482e-01
8.360055101655999854e-01 3.703359999999999985e-01 -1.499996653235000088e-01 1.612832514002647544e-01
8.862243745079000368e-01 3.703359999999999985e-01 -1.500000859919000118e-01 1.606995645315240084e-01
9.278161872103000141e-01 3.703359999999999985e-01 -1.500004337569000035e-01 1.553983746447415160e-01
9.598518918224999696e-01 3.703359999999999985e-01 -1.500003745841000102e-01 1.577660269233372436e-01
9.816145080485000340e-01 3.703359999999999985e-01 -1.500004138292000133e-01 1.578347632538565914e-01
9.926187113354000280e-01 3.703359999999999985e-01 -1.500002715145999921e-01 1.674418497900812264e-01
7.381852799994000243e-03 5.155680000000000263e-01 -1.499996774342000072e-01 1.888284531448163328e-01
1.838588243872999947e-02 5.155680000000000263e-01 -1.500005199273000134e-01 1.929695122207864266e-01
4.014867231286999710e-02 5.155680000000000263e-01 -1.499995743646999891e-01 2.011072209068477945e-01
7.218321846908000439e-02 5.155680000000000263e-01 -1.500003263515000129e-01 1.910325164247204388e-01
1.137752048197999966e-01 5.155680000000000263e-01 -1.499996893087000016e-01 1.882141110158676578e-01
1.639950539696999887e-01 5.155680000000000263e-01 -1.500002836252999905e-01 1.824580745292008199e-01
2.217200544459000111e-01 5.155680000000000263e-01 -1.500001223131000039e-01 1.777307631549833455e-01
2.856614143696999952e-01 5.155680000000000263e-01 -1.500004275791000097e-01 1.750452944654611598e-01
3.543906181327999838e-01 5.155680000000000263e-01 -1.500001239523000018e-01 1.735382697267331964e-01
4.263732571568999985e-01 5.155680000000000263e-01 -1.499997727062999942e-01 1.713750366085305954e-01
4.999997896637999872e-01 5.155680000000000263e-01 -1.499998876503000067e-01 1.714823995292158454e-01
5.736273069784000311e-01 5.155680000000000263e-01 -1.500001762425000051e-01 1.716688527601092085e-01
6.456089611948000462e-01 5.155680000000000263e-01 -1.499996513483000116e-01 1.702718960326845832e-01
7.143389761174999686e-01 5.155680000000000263e-01 -1.500005061773999893e-01 1.690378197254557013e-01
7.782805096895000219e-01 5.155680000000000263e-01 -1.499998266355999921e-01 1.683349618490073418e-01
8.360055101655999854e-01 5.155680000000000263e-01 -1.499996653235000088e-01 1.665549433711696892e-01
8.862243745079000368e-01 5.155680000000000263e-01 -1.500000859919000118e-01 1.666569848689432032e-01
9.278161872103000141e-01 5.155680000000000263e-01 -1.500004337569000035e-01 1.609585349214184002e-01
9.598518918224999696e-01 5.155680000000000263e-01 -1.500003745841000102e-01 1.634774500107044892e-01
9.816145080485000340e-01 5.155680000000000263e-01 -1.500004138292000133e-01 1.618524957242649942e-01
9.926187113354000280e-01 5.155680000000000263e-01 -1.500002715145999921e-01 1.730805506562620721e-01
7.381852799994000243e-03 6.579159999999999453e-01 -1.499996774342000072e-01 1.928955399431481477e-01
1.838588243872999947e-02 6.579159999999999453e-01 -1.500005199273000134e-01 1.937075538086967530e-01
4.014867231286999710e-02 6.579159999999999453e-01 -1.499995743646999891e-01 2.020605391713597432e-01
7.218321846908000439e-02 6.579159999999999453e-01 -1.500003263515000129e-01 1.910815104616999938e-01
1.137752048197999966e-01 6.579159999999999453e-01 -1.499996893087000016e-01 1.881781668626237580e-01
1.639950539696999887e-01 6.579159999999999453e-01 -1.500002836252999905e-01 1.820791546500103164e-01
2.217200544459000111e-01 6.579159999999999453e-01 -1.500001223131000039e-01 1.783804332450462105e-01
2.856614143696999952e-01 6.579159999999999453e-01 -1.500004275791000097e-01 1.764910026867436144e-01
3.543906181327999838e-01 6.579159999999999453e-01 -1.500001239523000018e-01 1.762495168176169968e-01
4.263732571568999985e-01 6.579159999999999453e-01 -1.499997727062999942e-01 1.748905774063571339e-01
4.999997896637999872e-01 6.579159999999999453e-01 -1.499998876503000067e-01 1.733337158627754337e-01
5.736273069784000311e-01 6.579159999999999453e-01 -1.500001762425000051e-01 1.709151867413778447e-01
6.456089611948000462e-01 6.579159999999999453e-01 -1.499996513483000116e-01 1.695610675220317332e-01
7.143389761174999686e-01 6.579159999999999453e-01 -1.500005061773999893e-01 1.684490949445747177e-01
7.782805096895000219e-01 6.579159999999999453e-01 -1.499998266355999921e-01 1.672671759578158446e-01
8.360055101655999854e-01 6.579159999999999453e-01 -1.499996653235000088e-01 1.663921822751276980e-01
8.862243745079000368e-01 6.579159999999999453e-01 -1.500000859919000118e-01 1.673165990006787451e-01
9.278161872103000141e-01 6.579159999999999453e-01 -1.500004337569000035e-01 1.617627050561135926e-01
9.598518918224999696e-01 6.579159999999999453e-01 -1.500003745841000102e-01 1.647837039496624079e-01
9.816145080485000340e-01 6.579159999999999453e-01 -1.500004138292000133e-01 1.619734402096187353e-01
9.926187113354000280e-01 6.579159999999999453e-01 -1.500002715145999921e-01 1.754855064173374557e-01
7.381852799994000243e-03 7.965849999999999875e-01 -1.499996774342000072e-01 1.946434534495213586e-01
1.838588243872999947e-02 7.965849999999999875e-01 -1.500005199273000134e-01 1.955520425622513658e-01
4.014867231286999710e-02 7.965849999999999875e-01 -1.499995743646999891e-01 2.053278295861413749e-01
7.218321846908000439e-02 7.965849999999999875e-01 -1.500003263515000129e-01 1.951558473214471401e-01
1.137752048197999966e-01 7.965849999999999875e-01 -1.499996893087000016e-01 1.930101853369539378e-01
1.639950539696999887e-01 7.965849999999999875e-01 -1.500002836252999905e-01 1.854005439344041661e-01
2.217200544459000111e-01 7.965849999999999875e-01 -1.500001223131000039e-01 1.833709096932579774e-01
2.856614143696999952e-01 7.965849999999999875e-01 -1.500004275791000097e-01 1.815535773118561180e-01
3.543906181327999838e-01 7.965849999999999875e-01 -1.500001239523000018e-01 1.806374280042542801e-01
4.263732571568999985e-01 7.965849999999999875e-01 -1.499997727062999942e-01 1.763829800909240964e-01
4.999997896637999872e-01 7.965849999999999875e-01 -1.499998876503000067e-01 1.729064740171664949e-01
5.736273069784000311e-01 7.965849999999999875e-01 -1.500001762425000051e-01 1.687459710940944491e-01
6.456089611948000462e-01 7.965849999999999875e-01 -1.499996513483000116e-01 1.678392281570056654e-01
7.143389761174999686e-01 7.965849999999999875e-01 -1.500005061773999893e-01 1.667321179626331806e-01
7.782805096895000219e-01 7.965849999999999875e-01 -1.499998266355999921e-01 1.669890525291738703e-01
8.360055101655999854e-01 7.965849999999999875e-01 -1.499996653235000088e-01 1.670302685107861729e-01
8.862243745079000368e-01 7.965849999999999875e-01 -1.500000859919000118e-01 1.685838946149062767e-01
9.278161872103000141e-01 7.965849999999999875e-01 -1.500004337569000035e-01 1.617687262630057854e-01
9.598518918224999696e-01 7.965849999999999875e-01 -1.500003745841000102e-01 1.639287643464291955e-01
9.816145080485000340e-01 7.965849999999999875e-01 -1.500004138292000133e-01 1.581027722801798263e-01
9.926187113354000280e-01 7.965849999999999875e-01 -1.500002715145999921e-01 1.777553063660579358e-01
7.381852799994000243e-03 9.307990000000000430e-01 -1.499996774342000072e-01 1.945366836755688111e-01
1.838588243872999947e-02 9.307990000000000430e-01 -1.500005199273000134e-01 1.908484219904799106e-01
4.014867231286999710e-02 9.307990000000000430e-01 -1.499995743646999891e-01 2.006376053334668064e-01
7.218321846908000439e-02 9.307990000000000430e-01 -1.500003263515000129e-01 1.937738648809840258e-01
1.137752048197999966e-01 9.307990000000000430e-01 -1.499996893087000016e-01 1.927507276444951900e-01
1.639950539696999887e-01 9.307990000000000430e-01 -1.500002836252999905e-01 1.852179222490475397e-01
2.217200544459000111e-01 9.307990000000000430e-01 -1.500001223131000039e-01 1.823805146533662991e-01
2.856614143696999952e-01 9.307990000000000430e-01 -1.500004275791000097e-01 1.804271549524548435e-01
3.543906181327999838e-01 9.307990000000000430e-01 -1.500001239523000018e-01 1.788362579015001508e-01
4.263732571568999985e-01 9.307990000000000430e-01 -1.499997727062999942e-01 1.754281990464351404e-01
4.999997896637999872e-01 9.307990000000000430e-01 -1.499998876503000067e-01 1.721509074900249847e-01
5.736273069784000311e-01 9.307990000000000430e-01 -1.500001762425000051e-01 1.725885313425296330e-01
6.456089611948000462e-01 9.307990000000000430e-01 -1.499996513483000116e-01 1.714875222083840078e-01
7.143389761174999686e-01 9.307990000000000430e-01 -1.500005061773999893e-01 1.728789147970399565e-01
7.782805096895000219e-01 9.307990000000000430e-01 -1.499998266355999921e-01 1.735157651577601545e-01
8.360055101655999854e-01 9.307990000000000430e-01 -1.499996653235000088e-01 1.721477578097752037e-01
8.862243745079000368e-01 9.307990000000000430e-01 -1.500000859919000118e-01 1.725565022009311889e-01
9.278161872103000141e-01 9.307990000000000430e-01 -1.500004337569000035e-01 1.635107254359293438e-01
9.598518918224999696e-01 9.307990000000000430e-01 -1.500003745841000102e-01 1.636493050200578669e-01
9.816145080485000340e-01 9.307990000000000430e-01 -1.500004138292000133e-01 1.541372727520436692e-01
9.926187113354000280e-01 9.307990000000000430e-01 -1.500002715145999921e-01 1.600330287293225962e-01
7.381852799994000243e-03 1.059808000000000083e+00 -1.499996774342000072e-01 1.977390332530202244e-01
1.838588243872999947e-02 1.059808000000000083e+00 -1.500005199273000134e-01 1.954383933338194324e-01
4.014867231286999710e-02 1.059808000000000083e+00 -1.499995743646999891e-01 2.070049264370685260e-01
7.218321846908000439e-02 1.059808000000000083e+00 -1.500003263515000129e-01 1.972998911298555480e-01
1.137752048197999966e-01 1.059808000000000083e+00 -1.499996893087000016e-01 1.920054624778479713e-01
1.639950539696999887e-01 1.059808000000000083e+00 -1.500002836252999905e-01 1.854306206614665664e-01
2.217200544459000111e-01 1.059808000000000083e+00 -1.500001223131000039e-01 1.826582600558886160e-01
2.856614143696999952e-01 1.059808000000000083e+00 -1.500004275791000097e-01 1.809736607313520151e-01
3.543906181327999838e-01 1.059808000000000083e+00 -1.500001239523000018e-01 1.796998494166125171e-01
4.263732571568999985e-01 1.059808000000000083e+00 -1.499997727062999942e-01 1.770393635086101314e-01
4.999997896637999872e-01 1.059808000000000083e+00 -1.499998876503000067e-01 1.781540059315254443e-01
5.736273069784000311e-01 1.059808000000000083e+00 -1.500001762425000051e-01 1.779495468019364757e-01
6.456089611948000462e-01 1.059808000000000083e+00 -1.499996513483000116e-01 1.772153653390641792e-01
7.143389761174999686e-01 1.059808000000000083e+00 -1.500005061773999893e-01 1.767896601645886911e-01
7.782805096895000219e-01 1.059808000000000083e+00 -1.499998266355999921e-01 1.757034377060034958e-01
8.360055101655999854e-01 1.059808000000000083e+00 -1.499996653235000088e-01 1.750206378619888481e-01
8.862243745079000368e-01 1.059808000000000083e+00 -1.500000859919000118e-01 1.767825640899240158e-01
9.278161872103000141e-01 1.059808000000000083e+00 -1.500004337569000035e-01 1.710876227196185817e-01
9.598518918224999696e-01 1.059808000000000083e+00 -1.500003745841000102e-01 1.705157081687589116e-01
9.816145080485000340e-01 1.059808000000000083e+00 -1.500004138292000133e-01 1.634311061053804748e-01
9.926187113354000280e-01 1.059808000000000083e+00 -1.500002715145999921e-01 1.711251774593982034e-01
7.381852799994000243e-03 1.182889999999999997e+00 -1.499996774342000072e-01 1.999952377676650350e-01
1.838588243872999947e-02 1.182889999999999997e+00 -1.500005199273000134e-01 2.046296464874066412e-01
4.014867231286999710e-02 1.182889999999999997e+00 -1.499995743646999891e-01 2.103781924340586140e-01
7.218321846908000439e-02 1.182889999999999997e+00 -1.500003263515000129e-01 2.019943891229368793e-01
1.137752048197999966e-01 1.182889999999999997e+00 -1.499996893087000016e-01 1.979704410616400789e-01
1.639950539696999887e-01 1.182889999999999997e+00 -1.500002836252999905e-01 1.896565357455512468e-01
2.217200544459000111e-01 1.182889999999999997e+00 -1.500001223131000039e-01 1.867692326599146857e-01
2.856614143696999952e-01 1.182889999999999997e+00 -1.500004275791000097e-01 1.846926565070983184e-01
3.543906181327999838e-01 1.182889999999999997e+00 -1.500001239523000018e-01 1.840430052208788803e-01
4.263732571568999985e-01 1.182889999999999997e+00 -1.499997727062999942e-01 1.822030793806437565e-01
4.999997896637999872e-01 1.182889999999999997e+00 -1.499998876503000067e-01 1.801471511313294804e-01
5.736273069784000311e-01 1.182889999999999997e+00 -1.500001762425000051e-01 1.793329151164584079e-01
6.456089611948000462e-01 1.182889999999999997e+00 -1.499996513483000116e-01 1.786978198629696202e-01
7.143389761174999686e-01 1.182889999999999997e+00 -1.500005061773999893e-01 1.786535819670988512e-01
7.782805096895000219e-01 1.182889999999999997e+00 -1.499998266355999921e-01 1.787565278712705263e-01
8.360055101655999854e-01 1.182889999999999997e+00 -1.499996653235000088e-01 1.783801101844352532e-01
8.862243745079000368e-01 1.182889999999999997e+00 -1.500000859919000118e-01 1.803887914830284989e-01
9.278161872103000141e-01 1.182889999999999997e+00 -1.500004337569000035e-01 1.737870275186147451e-01
9.598518918224999696e-01 1.182889999999999997e+00 -1.500003745841000102e-01 1.708990283253739029e-01
9.816145080485000340e-01 1.182889999999999997e+00 -1.500004138292000133e-01 1.630491865891008085e-01
9.926187113354000280e-01 1.182889999999999997e+00 -1.500002715145999921e-01 1.688416847696647682e-01
7.381852799994000243e-03 1.299357000000000095e+00 -1.499996774342000072e-01 1.980681129427293019e-01
1.838588243872999947e-02 1.299357000000000095e+00 -1.500005199273000134e-01 1.971960723125270598e-01
4.014867231286999710e-02 1.299357000000000095e+00 -1.499995743646999891e-01 2.118915544081853564e-01
7.218321846908000439e-02 1.299357000000000095e+00 -1.500003263515000129e-01 2.035789531089792492e-01
1.137752048197999966e-01 1.299357000000000095e+00 -1.499996893087000016e-01 2.000695060897080546e-01
1.639950539696999887e-01 1.299357000000000095e+00 -1.500002836252999905e-01 1.913649779277177831e-01
2.217200544459000111e-01 1.299357000000000095e+00 -1.500001223131000039e-01 1.875154134502640957e-01
2.856614143696999952e-01 1.299357000000000095e+00 -1.500004275791000097e-01 1.850023630527496965e-01
3.543906181327999838e-01 1.299357000000000095e+00 -1.500001239523000018e-01 1.831474231753386916e-01
4.263732571568999985e-01 1.299357000000000095e+00 -1.499997727062999942e-01 1.803593078518133941e-01
4.999997896637999872e-01 1.299357000000000095e+00 -1.499998876503000067e-01 1.779219777678152092e-01
5.736273069784000311e-01 1.299357000000000095e+00 -1.500001762425000051e-01 1.770889891519762671e-01
6.456089611948000462e-01 1.299357000000000095e+00 -1.499996513483000116e-01 1.790083133083255063e-01
7.143389761174999686e-01 1.299357000000000095e+00 -1.500005061773999893e-01 1.797293296571954857e-01
7.782805096895000219e-01 1.299357000000000095e+00 -1.499998266355999921e-01 1.804410613277576403e-01
8.360055101655999854e-01 1.299357000000000095e+00 -1.499996653235000088e-01 1.791966898478555559e-01
8.862243745079000368e-01 1.299357000000000095e+00 -1.500000859919000118e-01 1.822624868123231268e-01
9.278161872103000141e-01 1.299357000000000095e+00 -1.500004337569000035e-01 1.741045048409231855e-01
9.598518918224999696e-01 1.299357000000000095e+00 -1.500003745841000102e-01 1.708614574719473367e-01
9.816145080485000340e-01 1.299357000000000095e+00 -1.500004138292000133e-01 1.550211886243428594e-01
9.926187113354000280e-01 1.299357000000000095e+00 -1.500002715145999921e-01 1.570564212803718940e-01
7.381852799994000243e-03 1.408557000000000059e+00 -1.499996774342000072e-01 1.939758641240271198e-01
1.838588243872999947e-02 1.408557000000000059e+00 -1.500005199273000134e-01 1.948971500202494322e-01
4.014867231286999710e-02 1.408557000000000059e+00 -1.499995743646999891e-01 2.128186085924726190e-01
7.218321846908000439e-02 1.408557000000000059e+00 -1.500003263515000129e-01 2.048634413000165744e-01
1.137752048197999966e-01 1.408557000000000059e+00 -1.499996893087000016e-01 2.033095226456178017e-01
1.639950539696999887e-01 1.408557000000000059e+00 -1.500002836252999905e-01 1.953632454473799851e-01
2.217200544459000111e-01 1.408557000000000059e+00 -1.500001223131000039e-01 1.929403204381379133e-01
2.856614143696999952e-01 1.408557000000000059e+00 -1.500004275791000097e-01 1.909167583496209075e-01
3.543906181327999838e-01 1.408557000000000059e+00 -1.500001239523000018e-01 1.883228338002517488e-01
4.263732571568999985e-01 1.408557000000000059e+00 -1.499997727062999942e-01 1.847369484088427771e-01
4.999997896637999872e-01 1.408557000000000059e+00 -1.499998876503000067e-01 1.830558299739724892e-01
5.736273069784000311e-01 1.408557000000000059e+00 -1.500001762425000051e-01 1.833931775832958189e-01
6.456089611948000462e-01 1.408557000000000059e+00 -1.499996513483000116e-01 1.826840659034187075e-01
7.143389761174999686e-01 1.408557000000000059e+00 -1.500005061773999893e-01 1.840456005838863873e-01
7.782805096895000219e-01 1.408557000000000059e+00 -1.499998266355999921e-01 1.849116504698750107e-01
8.360055101655999854e-01 1.408557000000000059e+00 -1.499996653235000088e-01 1.878360751926546057e-01
8.862243745079000368e-01 1.408557000000000059e+00 -1.500000859919000118e-01 1.893732012332488002e-01
9.278161872103000141e-01 1.408557000000000059e+00 -1.500004337569000035e-01 1.791676125110869544e-01
9.598518918224999696e-01 1.408557000000000059e+00 -1.500003745841000102e-01 1.756814627881484181e-01
9.816145080485000340e-01 1.408557000000000059e+00 -1.500004138292000133e-01 1.594743495260861066e-01
9.926187113354000280e-01 1.408557000000000059e+00 -1.500002715145999921e-01 1.588434591300544041e-01
7.381852799994000243e-03 1.509880000000000111e+00 -1.499996774342000072e-01 1.928286634215726214e-01
1.838588243872999947e-02 1.509880000000000111e+00 -1.500005199273000134e-01 2.083744421819441472e-01
4.014867231286999710e-02 1.509880000000000111e+00 -1.499995743646999891e-01 2.178093108782252207e-01
7.218321846908000439e-02 1.509880000000000111e+00 -1.500003263515000129e-01 2.112232590112103903e-01
1.137752048197999966e-01 1.509880000000000111e+00 -1.499996893087000016e-01 2.105609727854919344e-01
1.639950539696999887e-01 1.509880000000000111e+00 -1.500002836252999905e-01 2.024226402401919367e-01
2.217200544459000111e-01 1.509880000000000111e+00 -1.500001223131000039e-01 1.983051170978429034e-01
2.856614143696999952e-01 1.509880000000000111e+00 -1.500004275791000097e-01 1.946423351429728832e-01
3.543906181327999838e-01 1.509880000000000111e+00 -1.500001239523000018e-01 1.917096928771007402e-01
4.263732571568999985e-01 1.509880000000000111e+00 -1.499997727062999942e-01 1.892586539552472968e-01
4.999997896637999872e-01 1.509880000000000111e+00 -1.499998876503000067e-01 1.860123452644788233e-01
5.736273069784000311e-01 1.509880000000000111e+00 -1.500001762425000051e-01 1.850063307570108395e-01
6.456089611948000462e-01 1.509880000000000111e+00 -1.499996513483000116e-01 1.859978299020567105e-01
7.143389761174999686e-01 1.509880000000000111e+00 -1.500005061773999893e-01 1.867210032540689846e-01
7.782805096895000219e-01 1.509880000000000111e+00 -1.499998266355999921e-01 1.879991249259904684e-01
8.360055101655999854e-01 1.509880000000000111e+00 -1.499996653235000088e-01 1.872226625409159073e-01
8.862243745079000368e-01 1.509880000000000111e+00 -1.500000859919000118e-01 1.886300898397946235e-01
9.278161872103000141e-01 1.509880000000000111e+00 -1.500004337569000035e-01 1.817114135509447503e-01
9.598518918224999696e-01 1.509880000000000111e+00 -1.500003745841000102e-01 1.753729707044697772e-01
9.816145080485000340e-01 1.509880000000000111e+00 -1.500004138292000133e-01 1.620081322996736184e-01
9.926187113354000280e-01 1.509880000000000111e+00 -1.500002715145999921e-01 1.673504666040983302e-01
7.381852799994000243e-03 1.602759000000000045e+00 -1.499996774342000072e-01 1.958938696088645959e-01
1.838588243872999947e-02 1.602759000000000045e+00 -1.500005199273000134e-01 2.098119872410307840e-01
4.014867231286999710e-02 1.602759000000000045e+00 -1.499995743646999891e-01 2.225161200586848187e-01
7.218321846908000439e-02 1.602759000000000045e+00 -1.500003263515000129e-01 2.155564597803011906e-01
1.137752048197999966e-01 1.602759000000000045e+00 -1.499996893087000016e-01 2.148241251346357239e-01
1.639950539696999887e-01 1.602759000000000045e+00 -1.500002836252999905e-01 2.058141100526613698e-01
2.217200544459000111e-01 1.602759000000000045e+00 -1.500001223131000039e-01 2.022424903238209670e-01
2.856614143696999952e-01 1.602759000000000045e+00 -1.500004275791000097e-01 1.963397331572634685e-01
3.543906181327999838e-01 1.602759000000000045e+00 -1.500001239523000018e-01 1.930190613919918752e-01
4.263732571568999985e-01 1.602759000000000045e+00 -1.499997727062999942e-01 1.891717976516290034e-01
4.999997896637999872e-01 1.602759000000000045e+00 -1.499998876503000067e-01 1.877759432477338064e-01
5.736273069784000311e-01 1.602759000000000045e+00 -1.500001762425000051e-01 1.882848658871247027e-01
6.456089611948000462e-01 1.602759000000000045e+00 -1.499996513483000116e-01 1.885701034236225981e-01
7.143389761174999686e-01 1.602759000000000045e+00 -1.500005061773999893e-01 1.902713894446967091e-01
7.782805096895000219e-01 1.602759000000000045e+00 -1.499998266355999921e-01 1.923479819870856089e-01
8.360055101655999854e-01 1.602759000000000045e+00 -1.499996653235000088e-01 1.908588201583612531e-01
8.862243745079000368e-01 1.602759000000000045e+00 -1.500000859919000118e-01 1.937210681583538818e-01
9.278161872103000141e-01 1.602759000000000045e+00 -1.500004337569000035e-01 1.830247186414647176e-01
9.598518918224999696e-01 1.602759000000000045e+00 -1.500003745841000102e-01 1.773352394481620409e-01
9.816145080485000340e-01 1.602759000000000045e+00 -1.500004138292000133e-01 1.632383500255627506e-01
9.926187113354000280e-01 1.602759000000000045e+00 -1.500002715145999921e-01 1.755887688195780505e-01
7.381852799994000243e-03 1.686674999999999924e+00 -1.499996774342000072e-01 1.945650098965316099e-01
1.838588243872999947e-02 1.686674999999999924e+00 -1.500005199273000134e-01 1.983065347300919379e-01
4.014867231286999710e-02 1.686674999999999924e+00 -1.499995743646999891e-01 2.219296468995241023e-01
7.218321846908000439e-02 1.686674999999999924e+00 -1.500003263515000129e-01 2.219116463801098782e-01
1.137752048197999966e-01 1.686674999999999924e+00 -1.499996893087000016e-01 2.159674773913853318e-01
1.639950539696999887e-01 1.686674999999999924e+00 -1.500002836252999905e-01 2.076052105324318886e-01
2.217200544459000111e-01 1.686674999999999924e+00 -1.500001223131000039e-01 2.030355649143893160e-01
2.856614143696999952e-01 1.686674999999999924e+00 -1.500004275791000097e-01 1.983040621754600386e-01
3.543906181327999838e-01 1.686674999999999924e+00 -1.500001239523000018e-01 1.947877517825784000e-01
4.263732571568999985e-01 1.686674999999999924e+00 -1.499997727062999942e-01 1.917634589880799767e-01
4.999997896637999872e-01 1.686674999999999924e+00 -1.499998876503000067e-01 1.916283980343215232e-01
5.736273069784000311e-01 1.686674999999999924e+00 -1.500001762425000051e-01 1.912155418670319906e-01
6.456089611948000462e-01 1.686674999999999924e+00 -1.499996513483000116e-01 1.925932386563499465e-01
7.143389761174999686e-01 1.686674999999999924e+00 -1.500005061773999893e-01 1.923457316027827879e-01
7.782805096895000219e-01 1.686674999999999924e+00 -1.499998266355999921e-01 1.941348644873975293e-01
8.360055101655999854e-01 1.686674999999999924e+00 -1.499996653235000088e-01 1.941651288659644869e-01
8.862243745079000368e-01 1.686674999999999924e+00 -1.500000859919000118e-01 1.969100100308796009e-01
9.278161872103000141e-01 1.686674999999999924e+00 -1.500004337569000035e-01 1.880471017302981218e-01
9.598518918224999696e-01 1.686674999999999924e+00 -1.500003745841000102e-01 1.821341214300837841e-01
9.816145080485000340e-01 1.686674999999999924e+00 -1.500004138292000133e-01 1.655993399558348400e-01
9.926187113354000280e-01 1.686674999999999924e+00 -1.500002715145999921e-01 1.694244851411364494e-01
7.381852799994000243e-03 1.761158000000000001e+00 -1.499996774342000072e-01 1.960325603804245198e-01
1.838588243872999947e-02 1.761158000000000001e+00 -1.500005199273000134e-01 1.969649241580938293e-01
4.014867231286999710e-02 1.761158000000000001e+00 -1.499995743646999891e-01 2.189107956189640380e-01
7.218321846908000439e-02 1.761158000000000001e+00 -1.500003263515000129e-01 2.197502560024115204e-01
1.137752048197999966e-01 1.761158000000000001e+00 -1.499996893087000016e-01 2.143657248334747967e-01
1.639950539696999887e-01 1.761158000000000001e+00 -1.500002836252999905e-01 2.075694217317425871e-01
2.217200544459000111e-01 1.761158000000000001e+00 -1.500001223131000039e-01 2.056053400312637391e-01
2.856614143696999952e-01 1.761158000000000001e+00 -1.500004275791000097e-01 1.994389059811250142e-01
3.543906181327999838e-01 1.761158000000000001e+00 -1.500001239523000018e-01 1.986561328099684942e-01
4.263732571568999985e-01 1.761158000000000001e+00 -1.499997727062999942e-01 1.954299196106072944e-01
4.999997896637999872e-01 1.761158000000000001e+00 -1.499998876503000067e-01 1.945978854548664483e-01
5.736273069784000311e-01 1.761158000000000001e+00 -1.500001762425000051e-01 1.940594515405702769e-01
6.456089611948000462e-01 1.761158000000000001e+00 -1.499996513483000116e-01 1.958907268206008800e-01
7.143389761174999686e-01 1.761158000000000001e+00 -1.500005061773999893e-01 1.970002212887546067e-01
7.782805096895000219e-01 1.761158000000000001e+00 -1.499998266355999921e-01 1.976058405193412693e-01
8.360055101655999854e-01 1.761158000000000001e+00 -1.499996653235000088e-01 1.967026802404313601e-01
8.862243745079000368e-01 1.761158000000000001e+00 -1.500000859919000118e-01 2.009847286069997019e-01
9.278161872103000141e-01 1.761158000000000001e+00 -1.500004337569000035e-01 1.904651436222927485e-01
9.598518918224999696e-01 1.761158000000000001e+00 -1.500003745841000102e-01 1.835212374955473569e-01
9.816145080485000340e-01 1.761158000000000001e+00 -1.500004138292000133e-01 1.728275939318874022e-01
9.926187113354000280e-01 1.761158000000000001e+00 -1.500002715145999921e-01 1.812181651822694084e-01
7.381852799994000243e-03 1.825792000000000082e+00 -1.499996774342000072e-01 2.017401648524891067e-01
1.838588243872999947e-02 1.825792000000000082e+00 -1.500005199273000134e-01 2.044112507536802459e-01
4.014867231286999710e-02 1.825792000000000082e+00 -1.499995743646999891e-01 2.184719675292059737e-01
7.218321846908000439e-02 1.825792000000000082e+00 -1.500003263515000129e-01 2.186074638253469871e-01
1.137752048197999966e-01 1.825792000000000082e+00 -1.499996893087000016e-01 2.166486252377924915e-01
1.639950539696999887e-01 1.825792000000000082e+00 -1.500002836252999905e-01 2.102551217777152426e-01
2.217200544459000111e-01 1.825792000000000082e+00 -1.500001223131000039e-01 2.086921247810425151e-01
2.856614143696999952e-01 1.825792000000000082e+00 -1.500004275791000097e-01 2.028178195327828282e-01
3.543906181327999838e-01 1.825792000000000082e+00 -1.500001239523000018e-01 2.025701318513980498e-01
4.263732571568999985e-01 1.825792000000000082e+00 -1.499997727062999942e-01 1.980374657403802530e-01
4.999997896637999872e-01 1.825792000000000082e+00 -1.499998876503000067e-01 1.983474906854348629e-01
5.736273069784000311e-01 1.825792000000000082e+00 -1.500001762425000051e-01 1.978688371328915507e-01
6.456089611948000462e-01 1.825792000000000082e+00 -1.499996513483000116e-01 1.998718974319339536e-01
7.143389761174999686e-01 1.825792000000000082e+00 -1.500005061773999893e-01 2.025018202498750919e-01
7.782805096895000219e-01 1.825792000000000082e+00 -1.499998266355999921e-01 2.031030719563791387e-01
8.360055101655999854e-01 1.825792000000000082e+00 -1.499996653235000088e-01 2.044044615163118361e-01
8.862243745079000368e-01 1.825792000000000082e+00 -1.500000859919000118e-01 2.065674901230908356e-01
9.278161872103000141e-01 1.825792000000000082e+00 -1.500004337569000035e-01 1.940924304631334862e-01
9.598518918224999696e-01 1.825792000000000082e+00 -1.500003745841000102e-01 1.875967186134058495e-01
9.816145080485000340e-01 1.825792000000000082e+00 -1.500004138292000133e-01 1.688192247256605771e-01
9.926187113354000280e-01 1.825792000000000082e+00 -1.500002715145999921e-01 1.683984537589204300e-01
7.381852799994000243e-03 1.880216000000000109e+00 -1.499996774342000072e-01 2.091509640228702838e-01
1.838588243872999947e-02 1.880216000000000109e+00 -1.500005199273000134e-01 2.075534350822422769e-01
4.014867231286999710e-02 1.880216000000000109e+00 -1.499995743646999891e-01 2.219865428953743391e-01
7.218321846908000439e-02 1.880216000000000109e+00 -1.500003263515000129e-01 2.206268233054363426e-01
1.137752048197999966e-01 1.880216000000000109e+00 -1.499996893087000016e-01 2.203107652208317890e-01
1.639950539696999887e-01 1.880216000000000109e+00 -1.500002836252999905e-01 2.144076742050555207e-01
2.217200544459000111e-01 1.880216000000000109e+00 -1.500001223131000039e-01 2.113627920087739476e-01
2.856614143696999952e-01 1.880216000000000109e+00 -1.500004275791000097e-01 2.049396978054633389e-01
3.543906181327999838e-01 1.880216000000000109e+00 -1.500001239523000018e-01 2.053165566609234383e-01
4.263732571568999985e-01 1.880216000000000109e+00 -1.499997727062999942e-01 2.032825273983335790e-01
4.999997896637999872e-01 1.880216000000000109e+00 -1.499998876503000067e-01 2.014723904131797139e-01
5.736273069784000311e-01 1.880216000000000109e+00 -1.500001762425000051e-01 2.022777302719345749e-01
6.456089611948000462e-01 1.880216000000000109e+00 -1.499996513483000116e-01 2.050179880419688849e-01
7.143389761174999686e-01 1.880216000000000109e+00 -1.500005061773999893e-01 2.061672990076156009e-01
7.782805096895000219e-01 1.880216000000000109e+00 -1.499998266355999921e-01 2.068508984981094201e-01
8.360055101655999854e-01 1.880216000000000109e+00 -1.499996653235000088e-01 2.080671477804704461e-01
8.862243745079000368e-01 1.880216000000000109e+00 -1.500000859919000118e-01 2.117181677211782131e-01
9.278161872103000141e-01 1.880216000000000109e+00 -1.500004337569000035e-01 1.987130902862311033e-01
9.598518918224999696e-01 1.880216000000000109e+00 -1.500003745841000102e-01 1.898884539990259579e-01
9.816145080485000340e-01 1.880216000000000109e+00 -1.500004138292000133e-01 1.670506441353307725e-01
9.926187113354000280e-01 1.880216000000000109e+00 -1.500002715145999921e-01 1.740414252204139922e-01
7.381852799994000243e-03 1.924123999999999945e+00 -1.499996774342000072e-01 2.191132636024945568e-01
1.838588243872999947e-02 1.924123999999999945e+00 -1.500005199273000134e-01 2.118290311412722726e-01
4.014867231286999710e-02 1.924123999999999945e+00 -1.499995743646999891e-01 2.243661458356978611e-01
7.218321846908000439e-02 1.924123999999999945e+00 -1.500003263515000129e-01 2.289067143753389932e-01
1.137752048197999966e-01 1.924123999999999945e+00 -1.499996893087000016e-01 2.251101145013554572e-01
1.639950539696999887e-01 1.924123999999999945e+00 -1.500002836252999905e-01 2.168958285747237813e-01
2.217200544459000111e-01 1.924123999999999945e+00 -1.500001223131000039e-01 2.141333436075114061e-01
2.856614143696999952e-01 1.924123999999999945e+00 -1.500004275791000097e-01 2.053186384127166919e-01
3.543906181327999838e-01 1.924123999999999945e+00 -1.500001239523000018e-01 2.074689414714467051e-01
4.263732571568999985e-01 1.924123999999999945e+00 -1.499997727062999942e-01 2.052891181485912153e-01
4.999997896637999872e-01 1.924123999999999945e+00 -1.499998876503000067e-01 2.016801382874933157e-01
5.736273069784000311e-01 1.924123999999999945e+00 -1.500001762425000051e-01 2.052412104651258895e-01
6.456089611948000462e-01 1.924123999999999945e+00 -1.499996513483000116e-01 2.052067295569140748e-01
7.143389761174999686e-01 1.924123999999999945e+00 -1.500005061773999893e-01 2.086559259875469807e-01
7.782805096895000219e-01 1.924123999999999945e+00 -1.499998266355999921e-01 2.105264248401698401e-01
8.360055101655999854e-01 1.924123999999999945e+00 -1.499996653235000088e-01 2.102902651814111956e-01
8.862243745079000368e-01 1.924123999999999945e+00 -1.500000859919000118e-01 2.128280716803971628e-01
9.278161872103000141e-01 1.924123999999999945e+00 -1.500004337569000035e-01 2.082228373014378409e-01
9.598518918224999696e-01 1.924123999999999945e+00 -1.500003745841000102e-01 1.995070524086903496e-01
9.816145080485000340e-01 1.924123999999999945e+00 -1.500004138292000133e-01 1.710296981940616634e-01
9.926187113354000280e-01 1.924123999999999945e+00 -1.500002715145999921e-01 1.646719246265557490e-01
7.381852799994000243e-03 1.957271999999999901e+00 -1.499996774342000072e-01 2.198135085952813705e-01
1.838588243872999947e-02 1.957271999999999901e+00 -1.500005199273000134e-01 2.114697284977272995e-01
4.014867231286999710e-02 1.957271999999999901e+00 -1.499995743646999891e-01 2.259634210607047999e-01
7.218321846908000439e-02 1.957271999999999901e+00 -1.500003263515000129e-01 2.325860382839421980e-01
1.137752048197999966e-01 1.957271999999999901e+00 -1.499996893087000016e-01 2.140500512897688112e-01
1.639950539696999887e-01 1.957271999999999901e+00 -1.500002836252999905e-01 2.113640903484349243e-01
2.217200544459000111e-01 1.957271999999999901e+00 -1.500001223131000039e-01 2.088450079391305225e-01
2.856614143696999952e-01 1.957271999999999901e+00 -1.500004275791000097e-01 2.017201808853616996e-01
3.543906181327999838e-01 1.957271999999999901e+00 -1.500001239523000018e-01 2.040703105442892018e-01
4.263732571568999985e-01 1.957271999999999901e+00 -1.499997727062999942e-01 1.976598366432539000e-01
4.999997896637999872e-01 1.957271999999999901e+00 -1.499998876503000067e-01 1.977553479872333764e-01
5.736273069784000311e-01 1.957271999999999901e+00 -1.500001762425000051e-01 2.022511089683788621e-01
6.456089611948000462e-01 1.957271999999999901e+00 -1.499996513483000116e-01 1.947956631644850722e-01
7.143389761174999686e-01 1.957271999999999901e+00 -1.500005061773999893e-01 2.023420202431416570e-01
7.782805096895000219e-01 1.957271999999999901e+00 -1.499998266355999921e-01 2.061577382211300935e-01
8.360055101655999854e-01 1.957271999999999901e+00 -1.499996653235000088e-01 2.053236068906300615e-01
8.862243745079000368e-01 1.957271999999999901e+00 -1.500000859919000118e-01 2.116617814437784795e-01
9.278161872103000141e-01 1.957271999999999901e+00 -1.500004337569000035e-01 2.151740105352570875e-01
9.598518918224999696e-01 1.957271999999999901e+00 -1.500003745841000102e-01 1.996224926201865535e-01
9.816145080485000340e-01 1.957271999999999901e+00 -1.500004138292000133e-01 1.899889277610490590e-01
9.926187113354000280e-01 1.957271999999999901e+00 -1.500002715145999921e-01 1.718352215117137372e-01
7.381852799994000243e-03 1.979475000000000096e+00 -1.499996774342000072e-01 2.229235785038159723e-01
1.838588243872999947e-02 1.979475000000000096e+00 -1.500005199273000134e-01 2.131287851690121526e-01
4.014867231286999710e-02 1.979475000000000096e+00 -1.499995743646999891e-01 2.190691680124314811e-01
7.218321846908000439e-02 1.979475000000000096e+00 -1.500003263515000129e-01 2.182539819347035781e-01
1.137752048197999966e-01 1.979475000000000096e+00 -1.499996893087000016e-01 1.902739708330099533e-01
1.639950539696999887e-01 1.979475000000000096e+00 -1.500002836252999905e-01 1.876925825738720022e-01
2.217200544459000111e-01 1.979475000000000096e+00 -1.500001223131000039e-01 1.851958187265438371e-01
2.856614143696999952e-01 1.979475000000000096e+00 -1.500004275791000097e-01 1.765024784530939694e-01
3.543906181327999838e-01 1.979475000000000096e+00 -1.500001239523000018e-01 1.852162576635448255e-01
4.263732571568999985e-01 1.979475000000000096e+00 -1.499997727062999942e-01 1.800185042361603927e-01
4.999997896637999872e-01 1.979475000000000096e+00 -1.499998876503000067e-01 1.779887583245294835e-01
5.736273069784000311e-01 1.979475000000000096e+00 -1.500001762425000051e-01 1.758382199494679388e-01
6.456089611948000462e-01 1.979475000000000096e+00 -1.499996513483000116e-01 1.755013469506083723e-01
7.143389761174999686e-01 1.979475000000000096e+00 -1.500005061773999893e-01 1.738124582072587965e-01
7.782805096895000219e-01 1.979475000000000096e+00 -1.499998266355999921e-01 1.840448703563943300e-01
8.360055101655999854e-01 1.979475000000000096e+00 -1.499996653235000088e-01 1.815859240044623846e-01
8.862243745079000368e-01 1.979475000000000096e+00 -1.500000859919000118e-01 1.920196106553200555e-01
9.278161872103000141e-01 1.979475000000000096e+00 -1.500004337569000035e-01 2.090606383757751263e-01
9.598518918224999696e-01 1.979475000000000096e+00 -1.500003745841000102e-01 1.924664887233071275e-01
9.816145080485000340e-01 1.979475000000000096e+00 -1.500004138292000133e-01 1.845663160419750704e-01
9.926187113354000280e-01 1.979475000000000096e+00 -1.500002715145999921e-01 1.788701113285761646e-01
7.381852799994000243e-03 1.990607000000000015e+00 -1.499996774342000072e-01 2.376616577285741438e-01
1.838588243872999947e-02 1.990607000000000015e+00 -1.500005199273000134e-01 2.174882161862264351e-01
4.014867231286999710e-02 1.990607000000000015e+00 -1.499995743646999891e-01 2.191571308189060041e-01
7.218321846908000439e-02 1.990607000000000015e+00 -1.500003263515000129e-01 2.159254425855093307e-01
1.137752048197999966e-01 1.990607000000000015e+00 -1.499996893087000016e-01 2.027379388083213885e-01
1.639950539696999887e-01 1.990607000000000015e+00 -1.500002836252999905e-01 1.898069165372663347e-01
2.217200544459000111e-01 1.990607000000000015e+00 -1.500001223131000039e-01 1.866638323926235188e-01
2.856614143696999952e-01 1.990607000000000015e+00 -1.500004275791000097e-01 1.806509556225388002e-01
3.543906181327999838e-01 1.990607000000000015e+00 -1.500001239523000018e-01 1.780568073004423213e-01
4.263732571568999985e-01 1.990607000000000015e+00 -1.499997727062999942e-01 1.838946884735819243e-01
4.999997896637999872e-01 1.990607000000000015e+00 -1.499998876503000067e-01 1.764479427563127034e-01
5.736273069784000311e-01 1.990607000000000015e+00 -1.500001762425000051e-01 1.689745059624808698e-01
6.456089611948000462e-01 1.990607000000000015e+00 -1.499996513483000116e-01 1.742814728052318463e-01
7.143389761174999686e-01 1.990607000000000015e+00 -1.500005061773999893e-01 1.737462283846946398e-01
7.782805096895000219e-01 1.990607000000000015e+00 -1.499998266355999921e-01 1.836442847908224263e-01
8.360055101655999854e-01 1.990607000000000015e+00 -1.499996653235000088e-01 1.892890949824455327e-01
8.862243745079000368e-01 1.990607000000000015e+00 -1.500000859919000118e-01 1.970097370633897005e-01
9.278161872103000141e-01 1.990607000000000015e+00 -1.500004337569000035e-01 2.093148073990315772e-01
9.598518918224999696e-01 1.990607000000000015e+00 -1.500003745841000102e-01 2.192923927133188788e-01
9.816145080485000340e-01 1.990607000000000015e+00 -1.500004138292000133e-01 2.053152376403188095e-01
9.926187113354000280e-01 1.990607000000000015e+00 -1.500002715145999921e-01 1.757829690692108704e-01
