# ['# x', 'y', 'z', 'rmsCpNN']
7.381560339866999679e-03 7.448299999999999366e-02 1.500003971250999935e-01 1.258944917361130844e-01
1.838562850184000119e-02 7.448299999999999366e-02 1.499994554965999871e-01 1.157449577022672399e-01
4.014843454181000332e-02 7.448299999999999366e-02 1.500005808549000064e-01 1.200112482167507988e-01
7.218344763461999325e-02 7.448299999999999366e-02 1.500002016238999869e-01 1.121185471483973906e-01
1.137753163817999957e-01 7.448299999999999366e-02 1.499998594693000009e-01 1.091473010707430802e-01
1.639942301493000076e-01 7.448299999999999366e-02 1.499999841900999942e-01 1.075654468926955515e-01
2.217193496814000020e-01 7.448299999999999366e-02 1.499999732285000054e-01 1.062547974706834625e-01
2.856609521399999796e-01 7.448299999999999366e-02 1.499998032694999928e-01 1.059398953547496247e-01
3.543909058784999733e-01 7.448299999999999366e-02 1.499994934670000057e-01 1.074109556875558341e-01
4.263732684736000200e-01 7.448299999999999366e-02 1.499999775016999937e-01 1.085352368629639574e-01
4.999995075259999755e-01 7.448299999999999366e-02 1.500000221605000128e-01 1.094821085113114878e-01
5.736271554103999915e-01 7.448299999999999366e-02 1.499999435625999911e-01 1.107555214658702408e-01
6.456087519609999825e-01 7.448299999999999366e-02 1.499997848095999953e-01 1.118538664156179668e-01
7.143387056996000073e-01 7.448299999999999366e-02 1.499994750071000083e-01 1.124121667699243127e-01
7.782796653704999734e-01 7.448299999999999366e-02 1.500000710925999958e-01 1.139363309597796886e-01
8.360047849027000266e-01 7.448299999999999366e-02 1.500000601310000070e-01 1.165739014831122800e-01
8.862251075021999602e-01 7.448299999999999366e-02 1.500000615949000082e-01 1.207337284098529695e-01
9.278169762493999606e-01 7.448299999999999366e-02 1.499997194402999945e-01 1.272986534886703103e-01
9.598513465546000267e-01 7.448299999999999366e-02 1.500001062538000030e-01 1.385610024107243043e-01
9.816140293377000337e-01 7.448299999999999366e-02 1.499998227800999895e-01 1.511753820173820928e-01
9.926188635441000052e-01 7.448299999999999366e-02 1.499995239390999879e-01 1.615578806348688390e-01
7.381560339866999679e-03 2.230330000000000090e-01 1.500003971250999935e-01 1.215586864052758814e-01
1.838562850184000119e-02 2.230330000000000090e-01 1.499994554965999871e-01 1.113616894814998398e-01
4.014843454181000332e-02 2.230330000000000090e-01 1.500005808549000064e-01 1.129975840613890309e-01
7.218344763461999325e-02 2.230330000000000090e-01 1.500002016238999869e-01 1.050736748609333443e-01
1.137753163817999957e-01 2.230330000000000090e-01 1.499998594693000009e-01 1.021504965413229382e-01
1.639942301493000076e-01 2.230330000000000090e-01 1.499999841900999942e-01 1.020352363445837518e-01
2.217193496814000020e-01 2.230330000000000090e-01 1.499999732285000054e-01 1.016415594204814615e-01
2.856609521399999796e-01 2.230330000000000090e-01 1.499998032694999928e-01 1.020314287673774606e-01
3.543909058784999733e-01 2.230330000000000090e-01 1.499994934670000057e-01 1.026883447316743192e-01
4.263732684736000200e-01 2.230330000000000090e-01 1.499999775016999937e-01 1.039787727497323289e-01
4.999995075259999755e-01 2.230330000000000090e-01 1.500000221605000128e-01 1.064012890813405832e-01
5.736271554103999915e-01 2.230330000000000090e-01 1.499999435625999911e-01 1.080668829880231246e-01
6.456087519609999825e-01 2.230330000000000090e-01 1.499997848095999953e-01 1.087157055167547876e-01
7.143387056996000073e-01 2.230330000000000090e-01 1.499994750071000083e-01 1.095673866186246403e-01
7.782796653704999734e-01 2.230330000000000090e-01 1.500000710925999958e-01 1.109446696532279258e-01
8.360047849027000266e-01 2.230330000000000090e-01 1.500000601310000070e-01 1.125381892373893550e-01
8.862251075021999602e-01 2.230330000000000090e-01 1.500000615949000082e-01 1.172424427655336665e-01
9.278169762493999606e-01 2.230330000000000090e-01 1.499997194402999945e-01 1.237974531731417943e-01
9.598513465546000267e-01 2.230330000000000090e-01 1.500001062538000030e-01 1.326816687097491232e-01
9.816140293377000337e-01 2.230330000000000090e-01 1.499998227800999895e-01 1.474082878668650509e-01
9.926188635441000052e-01 2.230330000000000090e-01 1.499995239390999879e-01 1.552081751745776894e-01
7.381560339866999679e-03 3.703359999999999985e-01 1.500003971250999935e-01 1.194720970855789044e-01
1.838562850184000119e-02 3.703359999999999985e-01 1.499994554965999871e-01 1.104388272237984275e-01
4.014843454181000332e-02 3.703359999999999985e-01 1.500005808549000064e-01 1.069310429957145425e-01
7.218344763461999325e-02 3.703359999999999985e-01 1.500002016238999869e-01 9.956973858118148279e-02
1.137753163817999957e-01 3.703359999999999985e-01 1.499998594693000009e-01 9.662735077087454549e-02
1.639942301493000076e-01 3.703359999999999985e-01 1.499999841900999942e-01 9.686934175474604114e-02
2.217193496814000020e-01 3.703359999999999985e-01 1.499999732285000054e-01 9.677596157689653811e-02
2.856609521399999796e-01 3.703359999999999985e-01 1.499998032694999928e-01 9.718089182508291013e-02
3.543909058784999733e-01 3.703359999999999985e-01 1.499994934670000057e-01 9.813663233400994612e-02
4.263732684736000200e-01 3.703359999999999985e-01 1.499999775016999937e-01 1.002281693866463597e-01
4.999995075259999755e-01 3.703359999999999985e-01 1.500000221605000128e-01 1.025184780400257567e-01
5.736271554103999915e-01 3.703359999999999985e-01 1.499999435625999911e-01 1.042351724969513005e-01
6.456087519609999825e-01 3.703359999999999985e-01 1.499997848095999953e-01 1.055494117611788518e-01
7.143387056996000073e-01 3.703359999999999985e-01 1.499994750071000083e-01 1.062301497864145683e-01
7.782796653704999734e-01 3.703359999999999985e-01 1.500000710925999958e-01 1.074483896178160952e-01
8.360047849027000266e-01 3.703359999999999985e-01 1.500000601310000070e-01 1.094924297669706559e-01
8.862251075021999602e-01 3.703359999999999985e-01 1.500000615949000082e-01 1.127536235238732615e-01
9.278169762493999606e-01 3.703359999999999985e-01 1.499997194402999945e-01 1.191708879358106959e-01
9.598513465546000267e-01 3.703359999999999985e-01 1.500001062538000030e-01 1.305716616559972898e-01
9.816140293377000337e-01 3.703359999999999985e-01 1.499998227800999895e-01 1.466073431715385345e-01
9.926188635441000052e-01 3.703359999999999985e-01 1.499995239390999879e-01 1.525407609157974631e-01
7.381560339866999679e-03 5.155680000000000263e-01 1.500003971250999935e-01 1.162159724792324045e-01
1.838562850184000119e-02 5.155680000000000263e-01 1.499994554965999871e-01 1.095105921413185857e-01
4.014843454181000332e-02 5.155680000000000263e-01 1.500005808549000064e-01 1.019368923418218637e-01
7.218344763461999325e-02 5.155680000000000263e-01 1.500002016238999869e-01 9.508237107349326589e-02
1.137753163817999957e-01 5.155680000000000263e-01 1.499998594693000009e-01 9.184608765278429177e-02
1.639942301493000076e-01 5.155680000000000263e-01 1.499999841900999942e-01 9.170339475700542420e-02
2.217193496814000020e-01 5.155680000000000263e-01 1.499999732285000054e-01 9.137213219226142380e-02
2.856609521399999796e-01 5.155680000000000263e-01 1.499998032694999928e-01 9.156814371951835230e-02
3.543909058784999733e-01 5.155680000000000263e-01 1.499994934670000057e-01 9.250339419712301503e-02
4.263732684736000200e-01 5.155680000000000263e-01 1.499999775016999937e-01 9.379169000722763216e-02
4.999995075259999755e-01 5.155680000000000263e-01 1.500000221605000128e-01 9.619904539412008071e-02
5.736271554103999915e-01 5.155680000000000263e-01 1.499999435625999911e-01 9.743950495613666607e-02
6.456087519609999825e-01 5.155680000000000263e-01 1.499997848095999953e-01 9.900258514069197602e-02
7.143387056996000073e-01 5.155680000000000263e-01 1.499994750071000083e-01 1.006907458223122026e-01
7.782796653704999734e-01 5.155680000000000263e-01 1.500000710925999958e-01 1.022360273414353177e-01
8.360047849027000266e-01 5.155680000000000263e-01 1.500000601310000070e-01 1.045135113563052942e-01
8.862251075021999602e-01 5.155680000000000263e-01 1.500000615949000082e-01 1.084915548922255474e-01
9.278169762493999606e-01 5.155680000000000263e-01 1.499997194402999945e-01 1.142747119403825368e-01
9.598513465546000267e-01 5.155680000000000263e-01 1.500001062538000030e-01 1.236559668130991219e-01
9.816140293377000337e-01 5.155680000000000263e-01 1.499998227800999895e-01 1.389176801623207003e-01
9.926188635441000052e-01 5.155680000000000263e-01 1.499995239390999879e-01 1.442178010715868264e-01
7.381560339866999679e-03 6.579159999999999453e-01 1.500003971250999935e-01 1.167114782981686361e-01
1.838562850184000119e-02 6.579159999999999453e-01 1.499994554965999871e-01 1.122136009371070553e-01
4.014843454181000332e-02 6.579159999999999453e-01 1.500005808549000064e-01 9.978833931487984810e-02
7.218344763461999325e-02 6.579159999999999453e-01 1.500002016238999869e-01 9.149951520132509897e-02
1.137753163817999957e-01 6.579159999999999453e-01 1.499998594693000009e-01 8.685402838956034210e-02
1.639942301493000076e-01 6.579159999999999453e-01 1.499999841900999942e-01 8.603664814136843808e-02
2.217193496814000020e-01 6.579159999999999453e-01 1.499999732285000054e-01 8.578632456622307945e-02
2.856609521399999796e-01 6.579159999999999453e-01 1.499998032694999928e-01 8.584640844400258375e-02
3.543909058784999733e-01 6.579159999999999453e-01 1.499994934670000057e-01 8.634200876035963423e-02
4.263732684736000200e-01 6.579159999999999453e-01 1.499999775016999937e-01 8.724157065177691461e-02
4.999995075259999755e-01 6.579159999999999453e-01 1.500000221605000128e-01 8.915466800610011289e-02
5.736271554103999915e-01 6.579159999999999453e-01 1.499999435625999911e-01 9.173525236274472638e-02
6.456087519609999825e-01 6.579159999999999453e-01 1.499997848095999953e-01 9.361114524676002191e-02
7.143387056996000073e-01 6.579159999999999453e-01 1.499994750071000083e-01 9.512488678601581371e-02
7.782796653704999734e-01 6.579159999999999453e-01 1.500000710925999958e-01 9.727787112976059303e-02
8.360047849027000266e-01 6.579159999999999453e-01 1.500000601310000070e-01 9.971127183515408887e-02
8.862251075021999602e-01 6.579159999999999453e-01 1.500000615949000082e-01 1.030525253654372142e-01
9.278169762493999606e-01 6.579159999999999453e-01 1.499997194402999945e-01 1.088135350398330564e-01
9.598513465546000267e-01 6.579159999999999453e-01 1.500001062538000030e-01 1.163573102261449832e-01
9.816140293377000337e-01 6.579159999999999453e-01 1.499998227800999895e-01 1.361820393213383218e-01
9.926188635441000052e-01 6.579159999999999453e-01 1.499995239390999879e-01 1.395015303938017814e-01
7.381560339866999679e-03 7.965849999999999875e-01 1.500003971250999935e-01 1.170927809239825368e-01
1.838562850184000119e-02 7.965849999999999875e-01 1.499994554965999871e-01 1.092231044414973540e-01
4.014843454181000332e-02 7.965849999999999875e-01 1.500005808549000064e-01 1.003552662116411337e-01
7.218344763461999325e-02 7.965849999999999875e-01 1.500002016238999869e-01 8.879447856560777896e-02
1.137753163817999957e-01 7.965849999999999875e-01 1.499998594693000009e-01 8.479970520295818104e-02
1.639942301493000076e-01 7.965849999999999875e-01 1.499999841900999942e-01 8.330745210102834253e-02
2.217193496814000020e-01 7.965849999999999875e-01 1.499999732285000054e-01 8.220661881633191392e-02
2.856609521399999796e-01 7.965849999999999875e-01 1.499998032694999928e-01 8.181005815976888362e-02
3.543909058784999733e-01 7.965849999999999875e-01 1.499994934670000057e-01 8.160989720048800189e-02
4.263732684736000200e-01 7.965849999999999875e-01 1.499999775016999937e-01 8.270517340288054131e-02
4.999995075259999755e-01 7.965849999999999875e-01 1.500000221605000128e-01 8.457686746528565724e-02
5.736271554103999915e-01 7.965849999999999875e-01 1.499999435625999911e-01 8.651673718957794690e-02
6.456087519609999825e-01 7.965849999999999875e-01 1.499997848095999953e-01 8.728943272032543832e-02
7.143387056996000073e-01 7.965849999999999875e-01 1.499994750071000083e-01 8.827810406631864115e-02
7.782796653704999734e-01 7.965849999999999875e-01 1.500000710925999958e-01 9.030821775196033740e-02
8.360047849027000266e-01 7.965849999999999875e-01 1.500000601310000070e-01 9.392986208701752104e-02
8.862251075021999602e-01 7.965849999999999875e-01 1.500000615949000082e-01 9.881257805012193252e-02
9.278169762493999606e-01 7.965849999999999875e-01 1.499997194402999945e-01 1.045352560321629043e-01
9.598513465546000267e-01 7.965849999999999875e-01 1.500001062538000030e-01 1.145726783171187868e-01
9.816140293377000337e-01 7.965849999999999875e-01 1.499998227800999895e-01 1.287668785121657000e-01
9.926188635441000052e-01 7.965849999999999875e-01 1.499995239390999879e-01 1.318844260337558305e-01
7.381560339866999679e-03 9.307990000000000430e-01 1.500003971250999935e-01 1.289360183664975401e-01
1.838562850184000119e-02 9.307990000000000430e-01 1.499994554965999871e-01 1.109976889194952826e-01
4.014843454181000332e-02 9.307990000000000430e-01 1.500005808549000064e-01 1.015502635263418885e-01
7.218344763461999325e-02 9.307990000000000430e-01 1.500002016238999869e-01 8.984355944479188727e-02
1.137753163817999957e-01 9.307990000000000430e-01 1.499998594693000009e-01 8.497488097308636412e-02
1.639942301493000076e-01 9.307990000000000430e-01 1.499999841900999942e-01 8.278287509355435059e-02
2.217193496814000020e-01 9.307990000000000430e-01 1.499999732285000054e-01 8.106162164471125697e-02
2.856609521399999796e-01 9.307990000000000430e-01 1.499998032694999928e-01 8.011259745492697870e-02
3.543909058784999733e-01 9.307990000000000430e-01 1.499994934670000057e-01 7.895676841281158709e-02
4.263732684736000200e-01 9.307990000000000430e-01 1.499999775016999937e-01 7.832463978193003606e-02
4.999995075259999755e-01 9.307990000000000430e-01 1.500000221605000128e-01 7.900705336982406790e-02
5.736271554103999915e-01 9.307990000000000430e-01 1.499999435625999911e-01 7.963726586826988529e-02
6.456087519609999825e-01 9.307990000000000430e-01 1.499997848095999953e-01 8.073100567865892918e-02
7.143387056996000073e-01 9.307990000000000430e-01 1.499994750071000083e-01 8.142848660216329970e-02
7.782796653704999734e-01 9.307990000000000430e-01 1.500000710925999958e-01 8.338712437605157179e-02
8.360047849027000266e-01 9.307990000000000430e-01 1.500000601310000070e-01 8.622289820068530786e-02
8.862251075021999602e-01 9.307990000000000430e-01 1.500000615949000082e-01 9.091882380936325281e-02
9.278169762493999606e-01 9.307990000000000430e-01 1.499997194402999945e-01 9.646034731140738783e-02
9.598513465546000267e-01 9.307990000000000430e-01 1.500001062538000030e-01 1.076771008845436306e-01
9.816140293377000337e-01 9.307990000000000430e-01 1.499998227800999895e-01 1.221737538915550342e-01
9.926188635441000052e-01 9.307990000000000430e-01 1.499995239390999879e-01 1.212549688890965094e-01
7.381560339866999679e-03 1.059808000000000083e+00 1.500003971250999935e-01 1.238064025915657784e-01
1.838562850184000119e-02 1.059808000000000083e+00 1.499994554965999871e-01 1.210868125912416132e-01
4.014843454181000332e-02 1.059808000000000083e+00 1.500005808549000064e-01 1.028175673408615737e-01
7.218344763461999325e-02 1.059808000000000083e+00 1.500002016238999869e-01 9.136117887215215727e-02
1.137753163817999957e-01 1.059808000000000083e+00 1.499998594693000009e-01 8.535878148577238922e-02
1.639942301493000076e-01 1.059808000000000083e+00 1.499999841900999942e-01 8.281137585675735213e-02
2.217193496814000020e-01 1.059808000000000083e+00 1.499999732285000054e-01 8.079779948031333425e-02
2.856609521399999796e-01 1.059808000000000083e+00 1.499998032694999928e-01 7.921975448879586823e-02
3.543909058784999733e-01 1.059808000000000083e+00 1.499994934670000057e-01 7.750447830099370383e-02
4.263732684736000200e-01 1.059808000000000083e+00 1.499999775016999937e-01 7.643361738191260801e-02
4.999995075259999755e-01 1.059808000000000083e+00 1.500000221605000128e-01 7.621057096567486477e-02
5.736271554103999915e-01 1.059808000000000083e+00 1.499999435625999911e-01 7.631553171650347356e-02
6.456087519609999825e-01 1.059808000000000083e+00 1.499997848095999953e-01 7.707012765400357568e-02
7.143387056996000073e-01 1.059808000000000083e+00 1.499994750071000083e-01 7.765643727908401461e-02
7.782796653704999734e-01 1.059808000000000083e+00 1.500000710925999958e-01 7.941731056463556537e-02
8.360047849027000266e-01 1.059808000000000083e+00 1.500000601310000070e-01 8.214658247713491068e-02
8.862251075021999602e-01 1.059808000000000083e+00 1.500000615949000082e-01 8.675043409952393203e-02
9.278169762493999606e-01 1.059808000000000083e+00 1.499997194402999945e-01 9.548298252860785984e-02
9.598513465546000267e-01 1.059808000000000083e+00 1.500001062538000030e-01 1.038261594627493539e-01
9.816140293377000337e-01 1.059808000000000083e+00 1.499998227800999895e-01 1.199018546574598942e-01
9.926188635441000052e-01 1.059808000000000083e+00 1.499995239390999879e-01 1.203479719927464109e-01
7.381560339866999679e-03 1.182889999999999997e+00 1.500003971250999935e-01 1.396282239253756885e-01
1.838562850184000119e-02 1.182889999999999997e+00 1.499994554965999871e-01 1.159057429020289853e-01
4.014843454181000332e-02 1.182889999999999997e+00 1.500005808549000064e-01 1.027997874868902678e-01
7.218344763461999325e-02 1.182889999999999997e+00 1.500002016238999869e-01 9.122794174270780487e-02
1.137753163817999957e-01 1.182889999999999997e+00 1.499998594693000009e-01 8.507100445100701513e-02
1.639942301493000076e-01 1.182889999999999997e+00 1.499999841900999942e-01 8.228185576608856855e-02
2.217193496814000020e-01 1.182889999999999997e+00 1.499999732285000054e-01 7.991541370959609480e-02
2.856609521399999796e-01 1.182889999999999997e+00 1.499998032694999928e-01 7.834771508819687869e-02
3.543909058784999733e-01 1.182889999999999997e+00 1.499994934670000057e-01 7.696025940727689585e-02
4.263732684736000200e-01 1.182889999999999997e+00 1.499999775016999937e-01 7.549177148861091480e-02
4.999995075259999755e-01 1.182889999999999997e+00 1.500000221605000128e-01 7.516524132626078991e-02
5.736271554103999915e-01 1.182889999999999997e+00 1.499999435625999911e-01 7.478157360308684831e-02
6.456087519609999825e-01 1.182889999999999997e+00 1.499997848095999953e-01 7.461966991642204894e-02
7.143387056996000073e-01 1.182889999999999997e+00 1.499994750071000083e-01 7.572742615110894526e-02
7.782796653704999734e-01 1.182889999999999997e+00 1.500000710925999958e-01 7.776949356887158382e-02
8.360047849027000266e-01 1.182889999999999997e+00 1.500000601310000070e-01 8.108565480886692489e-02
8.862251075021999602e-01 1.182889999999999997e+00 1.500000615949000082e-01 8.579848956586556830e-02
9.278169762493999606e-01 1.182889999999999997e+00 1.499997194402999945e-01 9.077658958360612651e-02
9.598513465546000267e-01 1.182889999999999997e+00 1.500001062538000030e-01 1.000596746243493929e-01
9.816140293377000337e-01 1.182889999999999997e+00 1.499998227800999895e-01 1.129463798156329218e-01
9.926188635441000052e-01 1.182889999999999997e+00 1.499995239390999879e-01 1.142917037817349352e-01
7.381560339866999679e-03 1.299357000000000095e+00 1.500003971250999935e-01 1.312777492600185614e-01
1.838562850184000119e-02 1.299357000000000095e+00 1.499994554965999871e-01 1.138470673505853903e-01
4.014843454181000332e-02 1.299357000000000095e+00 1.500005808549000064e-01 1.023461701630321852e-01
7.218344763461999325e-02 1.299357000000000095e+00 1.500002016238999869e-01 9.056287178584683517e-02
1.137753163817999957e-01 1.299357000000000095e+00 1.499998594693000009e-01 8.574100763537127745e-02
1.639942301493000076e-01 1.299357000000000095e+00 1.499999841900999942e-01 8.284284863114052544e-02
2.217193496814000020e-01 1.299357000000000095e+00 1.499999732285000054e-01 7.958568091792649069e-02
2.856609521399999796e-01 1.299357000000000095e+00 1.499998032694999928e-01 7.792026709070040691e-02
3.543909058784999733e-01 1.299357000000000095e+00 1.499994934670000057e-01 7.634852177161331743e-02
4.263732684736000200e-01 1.299357000000000095e+00 1.499999775016999937e-01 7.513930904079473005e-02
4.999995075259999755e-01 1.299357000000000095e+00 1.500000221605000128e-01 7.459171352040251668e-02
5.736271554103999915e-01 1.299357000000000095e+00 1.499999435625999911e-01 7.402772280241404212e-02
6.456087519609999825e-01 1.299357000000000095e+00 1.499997848095999953e-01 7.465624241745923151e-02
7.143387056996000073e-01 1.299357000000000095e+00 1.499994750071000083e-01 7.571149253824144276e-02
7.782796653704999734e-01 1.299357000000000095e+00 1.500000710925999958e-01 7.805384092182206246e-02
8.360047849027000266e-01 1.299357000000000095e+00 1.500000601310000070e-01 8.151978204847094844e-02
8.862251075021999602e-01 1.299357000000000095e+00 1.500000615949000082e-01 8.586714533735856358e-02
9.278169762493999606e-01 1.299357000000000095e+00 1.499997194402999945e-01 9.069807174937348504e-02
9.598513465546000267e-01 1.299357000000000095e+00 1.500001062538000030e-01 1.040433789352788324e-01
9.816140293377000337e-01 1.299357000000000095e+00 1.499998227800999895e-01 1.113359786597987733e-01
9.926188635441000052e-01 1.299357000000000095e+00 1.499995239390999879e-01 1.120487210463031458e-01
7.381560339866999679e-03 1.408557000000000059e+00 1.500003971250999935e-01 1.438756840390191527e-01
1.838562850184000119e-02 1.408557000000000059e+00 1.499994554965999871e-01 1.130270482916101160e-01
4.014843454181000332e-02 1.408557000000000059e+00 1.500005808549000064e-01 1.019488000817572598e-01
7.218344763461999325e-02 1.408557000000000059e+00 1.500002016238999869e-01 9.048701403300284107e-02
1.137753163817999957e-01 1.408557000000000059e+00 1.499998594693000009e-01 8.591327668717682609e-02
1.639942301493000076e-01 1.408557000000000059e+00 1.499999841900999942e-01 8.252113744303418708e-02
2.217193496814000020e-01 1.408557000000000059e+00 1.499999732285000054e-01 7.972320849350790495e-02
2.856609521399999796e-01 1.408557000000000059e+00 1.499998032694999928e-01 7.778947973015747086e-02
3.543909058784999733e-01 1.408557000000000059e+00 1.499994934670000057e-01 7.661103568981572631e-02
4.263732684736000200e-01 1.408557000000000059e+00 1.499999775016999937e-01 7.511819555058153741e-02
4.999995075259999755e-01 1.408557000000000059e+00 1.500000221605000128e-01 7.511837452779593360e-02
5.736271554103999915e-01 1.408557000000000059e+00 1.499999435625999911e-01 7.530111707789201303e-02
6.456087519609999825e-01 1.408557000000000059e+00 1.499997848095999953e-01 7.643994230212311503e-02
7.143387056996000073e-01 1.408557000000000059e+00 1.499994750071000083e-01 7.838945565822587336e-02
7.782796653704999734e-01 1.408557000000000059e+00 1.500000710925999958e-01 8.080521822617738048e-02
8.360047849027000266e-01 1.408557000000000059e+00 1.500000601310000070e-01 8.324379853851396338e-02
8.862251075021999602e-01 1.408557000000000059e+00 1.500000615949000082e-01 8.660515761035207649e-02
9.278169762493999606e-01 1.408557000000000059e+00 1.499997194402999945e-01 9.018816360382318764e-02
9.598513465546000267e-01 1.408557000000000059e+00 1.500001062538000030e-01 1.014781092732456036e-01
9.816140293377000337e-01 1.408557000000000059e+00 1.499998227800999895e-01 1.076661654905535781e-01
9.926188635441000052e-01 1.408557000000000059e+00 1.499995239390999879e-01 1.082405064881542811e-01
7.381560339866999679e-03 1.509880000000000111e+00 1.500003971250999935e-01 1.364375539754660305e-01
1.838562850184000119e-02 1.509880000000000111e+00 1.499994554965999871e-01 1.195972398091822153e-01
4.014843454181000332e-02 1.509880000000000111e+00 1.500005808549000064e-01 1.032660466593454673e-01
7.218344763461999325e-02 1.509880000000000111e+00 1.500002016238999869e-01 9.157212950962279052e-02
1.137753163817999957e-01 1.509880000000000111e+00 1.499998594693000009e-01 8.579911444841474555e-02
1.639942301493000076e-01 1.509880000000000111e+00 1.499999841900999942e-01 8.234567053219642163e-02
2.217193496814000020e-01 1.509880000000000111e+00 1.499999732285000054e-01 7.994322364120640123e-02
2.856609521399999796e-01 1.509880000000000111e+00 1.499998032694999928e-01 7.836795987356648396e-02
3.543909058784999733e-01 1.509880000000000111e+00 1.499994934670000057e-01 7.718041714067667980e-02
4.263732684736000200e-01 1.509880000000000111e+00 1.499999775016999937e-01 7.643151492920119416e-02
4.999995075259999755e-01 1.509880000000000111e+00 1.500000221605000128e-01 7.680423560141330652e-02
5.736271554103999915e-01 1.509880000000000111e+00 1.499999435625999911e-01 7.725854387049570227e-02
6.456087519609999825e-01 1.509880000000000111e+00 1.499997848095999953e-01 7.876567821599579633e-02
7.143387056996000073e-01 1.509880000000000111e+00 1.499994750071000083e-01 8.022601073615891198e-02
7.782796653704999734e-01 1.509880000000000111e+00 1.500000710925999958e-01 8.218706558496820247e-02
8.360047849027000266e-01 1.509880000000000111e+00 1.500000601310000070e-01 8.435170568841719729e-02
8.862251075021999602e-01 1.509880000000000111e+00 1.500000615949000082e-01 8.681855461061731283e-02
9.278169762493999606e-01 1.509880000000000111e+00 1.499997194402999945e-01 9.014948046076501353e-02
9.598513465546000267e-01 1.509880000000000111e+00 1.500001062538000030e-01 9.573613255835283775e-02
9.816140293377000337e-01 1.509880000000000111e+00 1.499998227800999895e-01 1.055521794669022212e-01
9.926188635441000052e-01 1.509880000000000111e+00 1.499995239390999879e-01 1.075734162509696529e-01
7.381560339866999679e-03 1.602759000000000045e+00 1.500003971250999935e-01 1.368852161994996985e-01
1.838562850184000119e-02 1.602759000000000045e+00 1.499994554965999871e-01 1.083534073548058640e-01
4.014843454181000332e-02 1.602759000000000045e+00 1.500005808549000064e-01 1.013110778813720858e-01
7.218344763461999325e-02 1.602759000000000045e+00 1.500002016238999869e-01 8.787396502349090199e-02
1.137753163817999957e-01 1.602759000000000045e+00 1.499998594693000009e-01 8.421390617528887179e-02
1.639942301493000076e-01 1.602759000000000045e+00 1.499999841900999942e-01 8.236424659244445667e-02
2.217193496814000020e-01 1.602759000000000045e+00 1.499999732285000054e-01 8.022206761218909910e-02
2.856609521399999796e-01 1.602759000000000045e+00 1.499998032694999928e-01 7.896345990846427576e-02
3.543909058784999733e-01 1.602759000000000045e+00 1.499994934670000057e-01 7.826259795233055094e-02
4.263732684736000200e-01 1.602759000000000045e+00 1.499999775016999937e-01 7.842488132785475907e-02
4.999995075259999755e-01 1.602759000000000045e+00 1.500000221605000128e-01 7.904895157887156798e-02
5.736271554103999915e-01 1.602759000000000045e+00 1.499999435625999911e-01 7.963985564912168247e-02
6.456087519609999825e-01 1.602759000000000045e+00 1.499997848095999953e-01 8.150365055872602071e-02
7.143387056996000073e-01 1.602759000000000045e+00 1.499994750071000083e-01 8.252298316994530203e-02
7.782796653704999734e-01 1.602759000000000045e+00 1.500000710925999958e-01 8.421123639912633796e-02
8.360047849027000266e-01 1.602759000000000045e+00 1.500000601310000070e-01 8.603742596577015900e-02
8.862251075021999602e-01 1.602759000000000045e+00 1.500000615949000082e-01 8.844032425508019379e-02
9.278169762493999606e-01 1.602759000000000045e+00 1.499997194402999945e-01 9.092649696182827923e-02
9.598513465546000267e-01 1.602759000000000045e+00 1.500001062538000030e-01 9.536972353832239013e-02
9.816140293377000337e-01 1.602759000000000045e+00 1.499998227800999895e-01 1.030519586805977439e-01
9.926188635441000052e-01 1.602759000000000045e+00 1.499995239390999879e-01 1.043727411700159091e-01
7.381560339866999679e-03 1.686674999999999924e+00 1.500003971250999935e-01 1.188603704837818686e-01
1.838562850184000119e-02 1.686674999999999924e+00 1.499994554965999871e-01 1.109600660406483003e-01
4.014843454181000332e-02 1.686674999999999924e+00 1.500005808549000064e-01 1.000881198849198628e-01
7.218344763461999325e-02 1.686674999999999924e+00 1.500002016238999869e-01 8.650352036102708364e-02
1.137753163817999957e-01 1.686674999999999924e+00 1.499998594693000009e-01 8.382318531875089518e-02
1.639942301493000076e-01 1.686674999999999924e+00 1.499999841900999942e-01 8.233676353372419709e-02
2.217193496814000020e-01 1.686674999999999924e+00 1.499999732285000054e-01 8.094014195034039683e-02
2.856609521399999796e-01 1.686674999999999924e+00 1.499998032694999928e-01 7.999097210080337306e-02
3.543909058784999733e-01 1.686674999999999924e+00 1.499994934670000057e-01 8.025513026857612753e-02
4.263732684736000200e-01 1.686674999999999924e+00 1.499999775016999937e-01 8.128890735812197010e-02
4.999995075259999755e-01 1.686674999999999924e+00 1.500000221605000128e-01 8.194180761270568325e-02
5.736271554103999915e-01 1.686674999999999924e+00 1.499999435625999911e-01 8.344425328212802528e-02
6.456087519609999825e-01 1.686674999999999924e+00 1.499997848095999953e-01 8.521511319404208307e-02
7.143387056996000073e-01 1.686674999999999924e+00 1.499994750071000083e-01 8.720288096714846893e-02
7.782796653704999734e-01 1.686674999999999924e+00 1.500000710925999958e-01 8.845192154414896479e-02
8.360047849027000266e-01 1.686674999999999924e+00 1.500000601310000070e-01 9.007770573244734680e-02
8.862251075021999602e-01 1.686674999999999924e+00 1.500000615949000082e-01 9.240184601133388798e-02
9.278169762493999606e-01 1.686674999999999924e+00 1.499997194402999945e-01 9.553150274901495154e-02
9.598513465546000267e-01 1.686674999999999924e+00 1.500001062538000030e-01 9.833956825160140858e-02
9.816140293377000337e-01 1.686674999999999924e+00 1.499998227800999895e-01 1.054783612659479786e-01
9.926188635441000052e-01 1.686674999999999924e+00 1.499995239390999879e-01 1.068975531802228429e-01
7.381560339866999679e-03 1.761158000000000001e+00 1.500003971250999935e-01 1.236451140006331467e-01
1.838562850184000119e-02 1.761158000000000001e+00 1.499994554965999871e-01 1.158353755960606080e-01
4.014843454181000332e-02 1.761158000000000001e+00 1.500005808549000064e-01 9.984086536085269581e-02
7.218344763461999325e-02 1.761158000000000001e+00 1.500002016238999869e-01 8.850197368057162450e-02
1.137753163817999957e-01 1.761158000000000001e+00 1.499998594693000009e-01 8.498453501073069405e-02
1.639942301493000076e-01 1.761158000000000001e+00 1.499999841900999942e-01 8.383845483276407273e-02
2.217193496814000020e-01 1.761158000000000001e+00 1.499999732285000054e-01 8.229419561659609417e-02
2.856609521399999796e-01 1.761158000000000001e+00 1.499998032694999928e-01 8.218023403328114651e-02
3.543909058784999733e-01 1.761158000000000001e+00 1.499994934670000057e-01 8.310849194439073884e-02
4.263732684736000200e-01 1.761158000000000001e+00 1.499999775016999937e-01 8.469693695339729211e-02
4.999995075259999755e-01 1.761158000000000001e+00 1.500000221605000128e-01 8.661394834732613623e-02
5.736271554103999915e-01 1.761158000000000001e+00 1.499999435625999911e-01 8.795729649775498038e-02
6.456087519609999825e-01 1.761158000000000001e+00 1.499997848095999953e-01 9.054040761134261872e-02
7.143387056996000073e-01 1.761158000000000001e+00 1.499994750071000083e-01 9.264108950982234691e-02
7.782796653704999734e-01 1.761158000000000001e+00 1.500000710925999958e-01 9.409192539732372240e-02
8.360047849027000266e-01 1.761158000000000001e+00 1.500000601310000070e-01 9.625038948307738929e-02
8.862251075021999602e-01 1.761158000000000001e+00 1.500000615949000082e-01 9.801654596013094356e-02
9.278169762493999606e-01 1.761158000000000001e+00 1.499997194402999945e-01 1.001908697810195009e-01
9.598513465546000267e-01 1.761158000000000001e+00 1.500001062538000030e-01 1.025397176011478007e-01
9.816140293377000337e-01 1.761158000000000001e+00 1.499998227800999895e-01 1.090500443769527594e-01
9.926188635441000052e-01 1.761158000000000001e+00 1.499995239390999879e-01 1.113174301533194493e-01
7.381560339866999679e-03 1.825792000000000082e+00 1.500003971250999935e-01 1.268078026018324700e-01
1.838562850184000119e-02 1.825792000000000082e+00 1.499994554965999871e-01 1.050142650099583630e-01
4.014843454181000332e-02 1.825792000000000082e+00 1.500005808549000064e-01 1.013324150679720398e-01
7.218344763461999325e-02 1.825792000000000082e+00 1.500002016238999869e-01 8.993211242947314610e-02
1.137753163817999957e-01 1.825792000000000082e+00 1.499998594693000009e-01 8.719928646594021782e-02
1.639942301493000076e-01 1.825792000000000082e+00 1.499999841900999942e-01 8.555862245782246134e-02
2.217193496814000020e-01 1.825792000000000082e+00 1.499999732285000054e-01 8.465376946993376228e-02
2.856609521399999796e-01 1.825792000000000082e+00 1.499998032694999928e-01 8.516975235832778546e-02
3.543909058784999733e-01 1.825792000000000082e+00 1.499994934670000057e-01 8.768907911607623507e-02
4.263732684736000200e-01 1.825792000000000082e+00 1.499999775016999937e-01 9.032541897283770382e-02
4.999995075259999755e-01 1.825792000000000082e+00 1.500000221605000128e-01 9.512976708995518615e-02
5.736271554103999915e-01 1.825792000000000082e+00 1.499999435625999911e-01 9.582242467984809775e-02
6.456087519609999825e-01 1.825792000000000082e+00 1.499997848095999953e-01 9.874339934252875095e-02
7.143387056996000073e-01 1.825792000000000082e+00 1.499994750071000083e-01 1.012038199833278640e-01
7.782796653704999734e-01 1.825792000000000082e+00 1.500000710925999958e-01 1.034674013808047077e-01
8.360047849027000266e-01 1.825792000000000082e+00 1.500000601310000070e-01 1.045215950952375905e-01
8.862251075021999602e-01 1.825792000000000082e+00 1.500000615949000082e-01 1.056679421562165683e-01
9.278169762493999606e-01 1.825792000000000082e+00 1.499997194402999945e-01 1.069314127369065670e-01
9.598513465546000267e-01 1.825792000000000082e+00 1.500001062538000030e-01 1.082065712762882437e-01
9.816140293377000337e-01 1.825792000000000082e+00 1.499998227800999895e-01 1.121771210880457004e-01
9.926188635441000052e-01 1.825792000000000082e+00 1.499995239390999879e-01 1.149137360282075360e-01
7.381560339866999679e-03 1.880216000000000109e+00 1.500003971250999935e-01 1.321197422772715235e-01
1.838562850184000119e-02 1.880216000000000109e+00 1.499994554965999871e-01 1.025647460313615644e-01
4.014843454181000332e-02 1.880216000000000109e+00 1.500005808549000064e-01 1.031302215680816731e-01
7.218344763461999325e-02 1.880216000000000109e+00 1.500002016238999869e-01 9.202764597298727922e-02
1.137753163817999957e-01 1.880216000000000109e+00 1.499998594693000009e-01 8.986016469116857308e-02
1.639942301493000076e-01 1.880216000000000109e+00 1.499999841900999942e-01 8.833620017925379597e-02
2.217193496814000020e-01 1.880216000000000109e+00 1.499999732285000054e-01 8.828024197575563836e-02
2.856609521399999796e-01 1.880216000000000109e+00 1.499998032694999928e-01 9.076524849622301383e-02
3.543909058784999733e-01 1.880216000000000109e+00 1.499994934670000057e-01 9.516529163895225130e-02
4.263732684736000200e-01 1.880216000000000109e+00 1.499999775016999937e-01 1.002353961472537552e-01
4.999995075259999755e-01 1.880216000000000109e+00 1.500000221605000128e-01 1.036744860472831598e-01
5.736271554103999915e-01 1.880216000000000109e+00 1.499999435625999911e-01 1.077262541242905158e-01
6.456087519609999825e-01 1.880216000000000109e+00 1.499997848095999953e-01 1.128030137566276986e-01
7.143387056996000073e-01 1.880216000000000109e+00 1.499994750071000083e-01 1.162723751332252475e-01
7.782796653704999734e-01 1.880216000000000109e+00 1.500000710925999958e-01 1.165962955773191256e-01
8.360047849027000266e-01 1.880216000000000109e+00 1.500000601310000070e-01 1.179048230260433261e-01
8.862251075021999602e-01 1.880216000000000109e+00 1.500000615949000082e-01 1.174872065627708129e-01
9.278169762493999606e-01 1.880216000000000109e+00 1.499997194402999945e-01 1.167380412625841496e-01
9.598513465546000267e-01 1.880216000000000109e+00 1.500001062538000030e-01 1.188092849357329783e-01
9.816140293377000337e-01 1.880216000000000109e+00 1.499998227800999895e-01 1.197396215327062030e-01
9.926188635441000052e-01 1.880216000000000109e+00 1.499995239390999879e-01 1.229461866935857434e-01
7.381560339866999679e-03 1.924123999999999945e+00 1.500003971250999935e-01 1.285066495394431851e-01
1.838562850184000119e-02 1.924123999999999945e+00 1.499994554965999871e-01 1.029130770014182045e-01
4.014843454181000332e-02 1.924123999999999945e+00 1.500005808549000064e-01 1.066431007675651410e-01
7.218344763461999325e-02 1.924123999999999945e+00 1.500002016238999869e-01 9.517438423871692199e-02
1.137753163817999957e-01 1.924123999999999945e+00 1.499998594693000009e-01 9.243507126749046787e-02
1.639942301493000076e-01 1.924123999999999945e+00 1.499999841900999942e-01 9.207895457186812682e-02
2.217193496814000020e-01 1.924123999999999945e+00 1.499999732285000054e-01 9.408194210372847199e-02
2.856609521399999796e-01 1.924123999999999945e+00 1.499998032694999928e-01 9.894836504902504437e-02
3.543909058784999733e-01 1.924123999999999945e+00 1.499994934670000057e-01 1.057889159596598072e-01
4.263732684736000200e-01 1.924123999999999945e+00 1.499999775016999937e-01 1.145248491898086807e-01
4.999995075259999755e-01 1.924123999999999945e+00 1.500000221605000128e-01 1.184796254204254357e-01
5.736271554103999915e-01 1.924123999999999945e+00 1.499999435625999911e-01 1.240036597551891495e-01
6.456087519609999825e-01 1.924123999999999945e+00 1.499997848095999953e-01 1.313180941141439961e-01
7.143387056996000073e-01 1.924123999999999945e+00 1.499994750071000083e-01 1.400681870899604942e-01
7.782796653704999734e-01 1.924123999999999945e+00 1.500000710925999958e-01 1.436819573538924977e-01
8.360047849027000266e-01 1.924123999999999945e+00 1.500000601310000070e-01 1.417959720525431011e-01
8.862251075021999602e-01 1.924123999999999945e+00 1.500000615949000082e-01 1.445315592978843600e-01
9.278169762493999606e-01 1.924123999999999945e+00 1.499997194402999945e-01 1.415925342664887399e-01
9.598513465546000267e-01 1.924123999999999945e+00 1.500001062538000030e-01 1.391036604955904754e-01
9.816140293377000337e-01 1.924123999999999945e+00 1.499998227800999895e-01 1.388933422775694704e-01
9.926188635441000052e-01 1.924123999999999945e+00 1.499995239390999879e-01 1.377581404326433390e-01
7.381560339866999679e-03 1.957271999999999901e+00 1.500003971250999935e-01 1.341419496993548621e-01
1.838562850184000119e-02 1.957271999999999901e+00 1.499994554965999871e-01 1.106971516306303333e-01
4.014843454181000332e-02 1.957271999999999901e+00 1.500005808549000064e-01 1.139117442729720708e-01
7.218344763461999325e-02 1.957271999999999901e+00 1.500002016238999869e-01 9.986206003454713154e-02
1.137753163817999957e-01 1.957271999999999901e+00 1.499998594693000009e-01 9.714742310882946985e-02
1.639942301493000076e-01 1.957271999999999901e+00 1.499999841900999942e-01 9.823180020654291578e-02
2.217193496814000020e-01 1.957271999999999901e+00 1.499999732285000054e-01 1.048555279919670263e-01
2.856609521399999796e-01 1.957271999999999901e+00 1.499998032694999928e-01 1.143499860924600126e-01
3.543909058784999733e-01 1.957271999999999901e+00 1.499994934670000057e-01 1.257638206547848636e-01
4.263732684736000200e-01 1.957271999999999901e+00 1.499999775016999937e-01 1.372389904852573672e-01
4.999995075259999755e-01 1.957271999999999901e+00 1.500000221605000128e-01 1.488300509846539887e-01
5.736271554103999915e-01 1.957271999999999901e+00 1.499999435625999911e-01 1.626385220237859530e-01
6.456087519609999825e-01 1.957271999999999901e+00 1.499997848095999953e-01 1.743187387358869356e-01
7.143387056996000073e-01 1.957271999999999901e+00 1.499994750071000083e-01 1.865427208541140525e-01
7.782796653704999734e-01 1.957271999999999901e+00 1.500000710925999958e-01 1.941053949494969122e-01
8.360047849027000266e-01 1.957271999999999901e+00 1.500000601310000070e-01 2.031759519028424887e-01
8.862251075021999602e-01 1.957271999999999901e+00 1.500000615949000082e-01 2.026027225338141169e-01
9.278169762493999606e-01 1.957271999999999901e+00 1.499997194402999945e-01 1.967199966797338329e-01
9.598513465546000267e-01 1.957271999999999901e+00 1.500001062538000030e-01 2.003199299118626486e-01
9.816140293377000337e-01 1.957271999999999901e+00 1.499998227800999895e-01 1.810609732114841219e-01
9.926188635441000052e-01 1.957271999999999901e+00 1.499995239390999879e-01 1.691174159083536910e-01
7.381560339866999679e-03 1.979475000000000096e+00 1.500003971250999935e-01 1.456040881835103107e-01
1.838562850184000119e-02 1.979475000000000096e+00 1.499994554965999871e-01 1.333477467978471942e-01
4.014843454181000332e-02 1.979475000000000096e+00 1.500005808549000064e-01 1.212737901591679629e-01
7.218344763461999325e-02 1.979475000000000096e+00 1.500002016238999869e-01 1.131564595463404183e-01
1.137753163817999957e-01 1.979475000000000096e+00 1.499998594693000009e-01 1.061429931549876943e-01
1.639942301493000076e-01 1.979475000000000096e+00 1.499999841900999942e-01 1.085946560949086204e-01
2.217193496814000020e-01 1.979475000000000096e+00 1.499999732285000054e-01 1.255356052651115384e-01
2.856609521399999796e-01 1.979475000000000096e+00 1.499998032694999928e-01 1.332281301304324428e-01
3.543909058784999733e-01 1.979475000000000096e+00 1.499994934670000057e-01 1.414631526993036237e-01
4.263732684736000200e-01 1.979475000000000096e+00 1.499999775016999937e-01 1.587181880302308001e-01
4.999995075259999755e-01 1.979475000000000096e+00 1.500000221605000128e-01 1.742746914005194325e-01
5.736271554103999915e-01 1.979475000000000096e+00 1.499999435625999911e-01 1.929545162340977893e-01
6.456087519609999825e-01 1.979475000000000096e+00 1.499997848095999953e-01 2.163922164184576835e-01
7.143387056996000073e-01 1.979475000000000096e+00 1.499994750071000083e-01 2.297567354565677733e-01
7.782796653704999734e-01 1.979475000000000096e+00 1.500000710925999958e-01 2.396086292826502817e-01
8.360047849027000266e-01 1.979475000000000096e+00 1.500000601310000070e-01 2.518483228595632117e-01
8.862251075021999602e-01 1.979475000000000096e+00 1.500000615949000082e-01 2.467037530863773476e-01
9.278169762493999606e-01 1.979475000000000096e+00 1.499997194402999945e-01 2.498255172649621603e-01
9.598513465546000267e-01 1.979475000000000096e+00 1.500001062538000030e-01 2.324771276888986660e-01
9.816140293377000337e-01 1.979475000000000096e+00 1.499998227800999895e-01 2.134429282988199728e-01
9.926188635441000052e-01 1.979475000000000096e+00 1.499995239390999879e-01 1.995049678197322041e-01
7.381560339866999679e-03 1.990607000000000015e+00 1.500003971250999935e-01 1.511693820304652047e-01
1.838562850184000119e-02 1.990607000000000015e+00 1.499994554965999871e-01 1.355805770724504977e-01
4.014843454181000332e-02 1.990607000000000015e+00 1.500005808549000064e-01 1.326029962804521067e-01
7.218344763461999325e-02 1.990607000000000015e+00 1.500002016238999869e-01 1.284499805477671286e-01
1.137753163817999957e-01 1.990607000000000015e+00 1.499998594693000009e-01 1.236834424793686465e-01
1.639942301493000076e-01 1.990607000000000015e+00 1.499999841900999942e-01 1.259169837559573346e-01
2.217193496814000020e-01 1.990607000000000015e+00 1.499999732285000054e-01 1.441290659443788258e-01
2.856609521399999796e-01 1.990607000000000015e+00 1.499998032694999928e-01 1.600196930303095788e-01
3.543909058784999733e-01 1.990607000000000015e+00 1.499994934670000057e-01 1.787568821451674672e-01
4.263732684736000200e-01 1.990607000000000015e+00 1.499999775016999937e-01 1.801843529955532430e-01
4.999995075259999755e-01 1.990607000000000015e+00 1.500000221605000128e-01 1.932999266997498522e-01
5.736271554103999915e-01 1.990607000000000015e+00 1.499999435625999911e-01 2.126079641519908192e-01
6.456087519609999825e-01 1.990607000000000015e+00 1.499997848095999953e-01 2.447580553925698121e-01
7.143387056996000073e-01 1.990607000000000015e+00 1.499994750071000083e-01 2.432774083522090403e-01
7.782796653704999734e-01 1.990607000000000015e+00 1.500000710925999958e-01 2.402076846020097523e-01
8.360047849027000266e-01 1.990607000000000015e+00 1.500000601310000070e-01 2.581820774828915699e-01
8.862251075021999602e-01 1.990607000000000015e+00 1.500000615949000082e-01 2.564998090818213505e-01
9.278169762493999606e-01 1.990607000000000015e+00 1.499997194402999945e-01 2.541420265744421814e-01
9.598513465546000267e-01 1.990607000000000015e+00 1.500001062538000030e-01 2.557080417922534266e-01
9.816140293377000337e-01 1.990607000000000015e+00 1.499998227800999895e-01 2.196592384396686137e-01
9.926188635441000052e-01 1.990607000000000015e+00 1.499995239390999879e-01 2.066385801423903934e-01
