# ['# x', 'y', 'z', 'rmsCpNN']
9.999999024497000510e-01 7.448299999999999366e-02 -1.457516712819000027e-01 1.538031690314633215e-01
9.999997839173000447e-01 7.448299999999999366e-02 -1.281718507769999960e-01 1.150166367493661440e-01
9.999999581423000272e-01 7.448299999999999366e-02 -9.513315149918999403e-02 1.315263509910449546e-01
9.999997303029000140e-01 7.448299999999999366e-02 -5.061895411286999880e-02 1.312813034510396659e-01
9.999997859954999901e-01 7.448299999999999366e-02 -4.343301175089999913e-07 1.321694067248630755e-01
9.999999649448999550e-01 7.448299999999999366e-02 5.061949428469000173e-02 1.378144721220191382e-01
9.999996138486999531e-01 7.448299999999999366e-02 9.513228283895000525e-02 1.416689179180638525e-01
1.000000554117999929e+00 7.448299999999999366e-02 1.281716249044000111e-01 1.504564556980317880e-01
1.000000435585999936e+00 7.448299999999999366e-02 1.457514454092999900e-01 1.628267062094443107e-01
9.999999024497000510e-01 2.230330000000000090e-01 -1.457516712819000027e-01 1.434696276039101326e-01
9.999997839173000447e-01 2.230330000000000090e-01 -1.281718507769999960e-01 1.130522418618267744e-01
9.999999581423000272e-01 2.230330000000000090e-01 -9.513315149918999403e-02 1.277059696362198016e-01
9.999997303029000140e-01 2.230330000000000090e-01 -5.061895411286999880e-02 1.286830270755249805e-01
9.999997859954999901e-01 2.230330000000000090e-01 -4.343301175089999913e-07 1.309287679693474926e-01
9.999999649448999550e-01 2.230330000000000090e-01 5.061949428469000173e-02 1.374495186180239581e-01
9.999996138486999531e-01 2.230330000000000090e-01 9.513228283895000525e-02 1.421731341426159811e-01
1.000000554117999929e+00 2.230330000000000090e-01 1.281716249044000111e-01 1.506121631811527528e-01
1.000000435585999936e+00 2.230330000000000090e-01 1.457514454092999900e-01 1.558707720296069743e-01
9.999999024497000510e-01 3.703359999999999985e-01 -1.457516712819000027e-01 1.401120419395493755e-01
9.999997839173000447e-01 3.703359999999999985e-01 -1.281718507769999960e-01 1.062189673194000455e-01
9.999999581423000272e-01 3.703359999999999985e-01 -9.513315149918999403e-02 1.231954864875730443e-01
9.999997303029000140e-01 3.703359999999999985e-01 -5.061895411286999880e-02 1.213330383538065577e-01
9.999997859954999901e-01 3.703359999999999985e-01 -4.343301175089999913e-07 1.251659378618921736e-01
9.999999649448999550e-01 3.703359999999999985e-01 5.061949428469000173e-02 1.330959144109494230e-01
9.999996138486999531e-01 3.703359999999999985e-01 9.513228283895000525e-02 1.402675762654335967e-01
1.000000554117999929e+00 3.703359999999999985e-01 1.281716249044000111e-01 1.517152792830264163e-01
1.000000435585999936e+00 3.703359999999999985e-01 1.457514454092999900e-01 1.568971704229147612e-01
9.999999024497000510e-01 5.155680000000000263e-01 -1.457516712819000027e-01 1.390193025039332120e-01
9.999997839173000447e-01 5.155680000000000263e-01 -1.281718507769999960e-01 1.026644279803910903e-01
9.999999581423000272e-01 5.155680000000000263e-01 -9.513315149918999403e-02 1.153929406043452954e-01
9.999997303029000140e-01 5.155680000000000263e-01 -5.061895411286999880e-02 1.145242580798697535e-01
9.999997859954999901e-01 5.155680000000000263e-01 -4.343301175089999913e-07 1.172796499766335099e-01
9.999999649448999550e-01 5.155680000000000263e-01 5.061949428469000173e-02 1.261297084083839726e-01
9.999996138486999531e-01 5.155680000000000263e-01 9.513228283895000525e-02 1.360945606032868960e-01
1.000000554117999929e+00 5.155680000000000263e-01 1.281716249044000111e-01 1.499896884902870708e-01
1.000000435585999936e+00 5.155680000000000263e-01 1.457514454092999900e-01 1.499846800236464550e-01
9.999999024497000510e-01 6.579159999999999453e-01 -1.457516712819000027e-01 1.343998962241975681e-01
9.999997839173000447e-01 6.579159999999999453e-01 -1.281718507769999960e-01 1.046169544900084764e-01
9.999999581423000272e-01 6.579159999999999453e-01 -9.513315149918999403e-02 1.094095664998221001e-01
9.999997303029000140e-01 6.579159999999999453e-01 -5.061895411286999880e-02 1.058517119405901347e-01
9.999997859954999901e-01 6.579159999999999453e-01 -4.343301175089999913e-07 1.068265847294627563e-01
9.999999649448999550e-01 6.579159999999999453e-01 5.061949428469000173e-02 1.143503242160513189e-01
9.999996138486999531e-01 6.579159999999999453e-01 9.513228283895000525e-02 1.243882750441858837e-01
1.000000554117999929e+00 6.579159999999999453e-01 1.281716249044000111e-01 1.412020436603536877e-01
1.000000435585999936e+00 6.579159999999999453e-01 1.457514454092999900e-01 1.433691668425476351e-01
9.999999024497000510e-01 7.965849999999999875e-01 -1.457516712819000027e-01 1.353668148408593286e-01
9.999997839173000447e-01 7.965849999999999875e-01 -1.281718507769999960e-01 1.013393540098071338e-01
9.999999581423000272e-01 7.965849999999999875e-01 -9.513315149918999403e-02 1.038630131253917982e-01
9.999997303029000140e-01 7.965849999999999875e-01 -5.061895411286999880e-02 9.793491122311245856e-02
9.999997859954999901e-01 7.965849999999999875e-01 -4.343301175089999913e-07 9.749002287677174805e-02
9.999999649448999550e-01 7.965849999999999875e-01 5.061949428469000173e-02 1.035222840775325281e-01
9.999996138486999531e-01 7.965849999999999875e-01 9.513228283895000525e-02 1.123894315079281420e-01
1.000000554117999929e+00 7.965849999999999875e-01 1.281716249044000111e-01 1.262858768204343785e-01
1.000000435585999936e+00 7.965849999999999875e-01 1.457514454092999900e-01 1.331956649872724219e-01
9.999999024497000510e-01 9.307990000000000430e-01 -1.457516712819000027e-01 1.242459437522284021e-01
9.999997839173000447e-01 9.307990000000000430e-01 -1.281718507769999960e-01 1.026308729681428417e-01
9.999999581423000272e-01 9.307990000000000430e-01 -9.513315149918999403e-02 9.923810115668689480e-02
9.999997303029000140e-01 9.307990000000000430e-01 -5.061895411286999880e-02 9.357087826569276956e-02
9.999997859954999901e-01 9.307990000000000430e-01 -4.343301175089999913e-07 9.250165752952697884e-02
9.999999649448999550e-01 9.307990000000000430e-01 5.061949428469000173e-02 9.632268591336851093e-02
9.999996138486999531e-01 9.307990000000000430e-01 9.513228283895000525e-02 1.030546847874565658e-01
1.000000554117999929e+00 9.307990000000000430e-01 1.281716249044000111e-01 1.197600039354193152e-01
1.000000435585999936e+00 9.307990000000000430e-01 1.457514454092999900e-01 1.195131092718965116e-01
9.999999024497000510e-01 1.059808000000000083e+00 -1.457516712819000027e-01 1.320701837593309114e-01
9.999997839173000447e-01 1.059808000000000083e+00 -1.281718507769999960e-01 9.838999279791228736e-02
9.999999581423000272e-01 1.059808000000000083e+00 -9.513315149918999403e-02 9.947379107538632803e-02
9.999997303029000140e-01 1.059808000000000083e+00 -5.061895411286999880e-02 9.170192208746177909e-02
9.999997859954999901e-01 1.059808000000000083e+00 -4.343301175089999913e-07 8.966483788804746613e-02
9.999999649448999550e-01 1.059808000000000083e+00 5.061949428469000173e-02 9.095569235181898138e-02
9.999996138486999531e-01 1.059808000000000083e+00 9.513228283895000525e-02 9.726980617003158636e-02
1.000000554117999929e+00 1.059808000000000083e+00 1.281716249044000111e-01 1.088829350617473851e-01
1.000000435585999936e+00 1.059808000000000083e+00 1.457514454092999900e-01 1.103203275393058042e-01
9.999999024497000510e-01 1.182889999999999997e+00 -1.457516712819000027e-01 1.555597493163947964e-01
9.999997839173000447e-01 1.182889999999999997e+00 -1.281718507769999960e-01 1.020895341700440162e-01
9.999999581423000272e-01 1.182889999999999997e+00 -9.513315149918999403e-02 1.008424073681449540e-01
9.999997303029000140e-01 1.182889999999999997e+00 -5.061895411286999880e-02 9.441824805187110092e-02
9.999997859954999901e-01 1.182889999999999997e+00 -4.343301175089999913e-07 9.061416077578102191e-02
9.999999649448999550e-01 1.182889999999999997e+00 5.061949428469000173e-02 9.148100898782191015e-02
9.999996138486999531e-01 1.182889999999999997e+00 9.513228283895000525e-02 9.614636643751078848e-02
1.000000554117999929e+00 1.182889999999999997e+00 1.281716249044000111e-01 1.018694618566629295e-01
1.000000435585999936e+00 1.182889999999999997e+00 1.457514454092999900e-01 1.102930978906107584e-01
9.999999024497000510e-01 1.299357000000000095e+00 -1.457516712819000027e-01 1.260852993706674530e-01
9.999997839173000447e-01 1.299357000000000095e+00 -1.281718507769999960e-01 1.041097713062305863e-01
9.999999581423000272e-01 1.299357000000000095e+00 -9.513315149918999403e-02 1.023191339393905303e-01
9.999997303029000140e-01 1.299357000000000095e+00 -5.061895411286999880e-02 9.606331170231301175e-02
9.999997859954999901e-01 1.299357000000000095e+00 -4.343301175089999913e-07 9.213171779421706897e-02
9.999999649448999550e-01 1.299357000000000095e+00 5.061949428469000173e-02 9.293853248964911717e-02
9.999996138486999531e-01 1.299357000000000095e+00 9.513228283895000525e-02 9.587583851154617143e-02
1.000000554117999929e+00 1.299357000000000095e+00 1.281716249044000111e-01 1.031416404257759212e-01
1.000000435585999936e+00 1.299357000000000095e+00 1.457514454092999900e-01 1.053297764016363214e-01
9.999999024497000510e-01 1.408557000000000059e+00 -1.457516712819000027e-01 1.363149869205170783e-01
9.999997839173000447e-01 1.408557000000000059e+00 -1.281718507769999960e-01 1.063627177633710147e-01
9.999999581423000272e-01 1.408557000000000059e+00 -9.513315149918999403e-02 1.014311153285434586e-01
9.999997303029000140e-01 1.408557000000000059e+00 -5.061895411286999880e-02 9.689824070131262956e-02
9.999997859954999901e-01 1.408557000000000059e+00 -4.343301175089999913e-07 9.230338409800362132e-02
9.999999649448999550e-01 1.408557000000000059e+00 5.061949428469000173e-02 9.238395493161345728e-02
9.999996138486999531e-01 1.408557000000000059e+00 9.513228283895000525e-02 9.606837735786100119e-02
1.000000554117999929e+00 1.408557000000000059e+00 1.281716249044000111e-01 1.007452815920366063e-01
1.000000435585999936e+00 1.408557000000000059e+00 1.457514454092999900e-01 1.013968201095740151e-01
9.999999024497000510e-01 1.509880000000000111e+00 -1.457516712819000027e-01 1.513158562675470109e-01
9.999997839173000447e-01 1.509880000000000111e+00 -1.281718507769999960e-01 1.049437644626938088e-01
9.999999581423000272e-01 1.509880000000000111e+00 -9.513315149918999403e-02 1.040001568932956144e-01
9.999997303029000140e-01 1.509880000000000111e+00 -5.061895411286999880e-02 9.648920562254587052e-02
9.999997859954999901e-01 1.509880000000000111e+00 -4.343301175089999913e-07 9.079394209546021166e-02
9.999999649448999550e-01 1.509880000000000111e+00 5.061949428469000173e-02 8.970169068866105933e-02
9.999996138486999531e-01 1.509880000000000111e+00 9.513228283895000525e-02 9.142138684943328097e-02
1.000000554117999929e+00 1.509880000000000111e+00 1.281716249044000111e-01 9.570117476584046046e-02
1.000000435585999936e+00 1.509880000000000111e+00 1.457514454092999900e-01 1.009325635772163610e-01
9.999999024497000510e-01 1.602759000000000045e+00 -1.457516712819000027e-01 1.322088866431795073e-01
9.999997839173000447e-01 1.602759000000000045e+00 -1.281718507769999960e-01 1.056003273245705448e-01
9.999999581423000272e-01 1.602759000000000045e+00 -9.513315149918999403e-02 9.878057387549864232e-02
9.999997303029000140e-01 1.602759000000000045e+00 -5.061895411286999880e-02 9.604447872850975509e-02
9.999997859954999901e-01 1.602759000000000045e+00 -4.343301175089999913e-07 9.076477206577365786e-02
9.999999649448999550e-01 1.602759000000000045e+00 5.061949428469000173e-02 8.973935811993857814e-02
9.999996138486999531e-01 1.602759000000000045e+00 9.513228283895000525e-02 9.068713606854608700e-02
1.000000554117999929e+00 1.602759000000000045e+00 1.281716249044000111e-01 9.216267705785650965e-02
1.000000435585999936e+00 1.602759000000000045e+00 1.457514454092999900e-01 9.960611432265972787e-02
9.999999024497000510e-01 1.686674999999999924e+00 -1.457516712819000027e-01 1.313717905710927725e-01
9.999997839173000447e-01 1.686674999999999924e+00 -1.281718507769999960e-01 1.047343325235759182e-01
9.999999581423000272e-01 1.686674999999999924e+00 -9.513315149918999403e-02 1.028586226309991941e-01
9.999997303029000140e-01 1.686674999999999924e+00 -5.061895411286999880e-02 9.548944057203267999e-02
9.999997859954999901e-01 1.686674999999999924e+00 -4.343301175089999913e-07 9.271623910649663680e-02
9.999999649448999550e-01 1.686674999999999924e+00 5.061949428469000173e-02 9.211845179180011556e-02
9.999996138486999531e-01 1.686674999999999924e+00 9.513228283895000525e-02 9.258759508845054720e-02
1.000000554117999929e+00 1.686674999999999924e+00 1.281716249044000111e-01 9.452746554579009863e-02
1.000000435585999936e+00 1.686674999999999924e+00 1.457514454092999900e-01 9.967520496019520448e-02
9.999999024497000510e-01 1.761158000000000001e+00 -1.457516712819000027e-01 1.321387053026830960e-01
9.999997839173000447e-01 1.761158000000000001e+00 -1.281718507769999960e-01 1.055770960574145267e-01
9.999999581423000272e-01 1.761158000000000001e+00 -9.513315149918999403e-02 1.050717621045369615e-01
9.999997303029000140e-01 1.761158000000000001e+00 -5.061895411286999880e-02 9.668337612987298879e-02
9.999997859954999901e-01 1.761158000000000001e+00 -4.343301175089999913e-07 9.462092298896754294e-02
9.999999649448999550e-01 1.761158000000000001e+00 5.061949428469000173e-02 9.479403139780129273e-02
9.999996138486999531e-01 1.761158000000000001e+00 9.513228283895000525e-02 9.628869974356422945e-02
1.000000554117999929e+00 1.761158000000000001e+00 1.281716249044000111e-01 9.902148104096705761e-02
1.000000435585999936e+00 1.761158000000000001e+00 1.457514454092999900e-01 1.034746124795590250e-01
9.999999024497000510e-01 1.825792000000000082e+00 -1.457516712819000027e-01 1.377260433722505284e-01
9.999997839173000447e-01 1.825792000000000082e+00 -1.281718507769999960e-01 1.097668884429406772e-01
9.999999581423000272e-01 1.825792000000000082e+00 -9.513315149918999403e-02 1.035580952070418725e-01
9.999997303029000140e-01 1.825792000000000082e+00 -5.061895411286999880e-02 1.011905651230188691e-01
9.999997859954999901e-01 1.825792000000000082e+00 -4.343301175089999913e-07 9.633431869328010211e-02
9.999999649448999550e-01 1.825792000000000082e+00 5.061949428469000173e-02 9.670102020253423802e-02
9.999996138486999531e-01 1.825792000000000082e+00 9.513228283895000525e-02 9.896209288212531874e-02
1.000000554117999929e+00 1.825792000000000082e+00 1.281716249044000111e-01 1.033979944119337163e-01
1.000000435585999936e+00 1.825792000000000082e+00 1.457514454092999900e-01 1.114554420187335720e-01
9.999999024497000510e-01 1.880216000000000109e+00 -1.457516712819000027e-01 1.299067335985591709e-01
9.999997839173000447e-01 1.880216000000000109e+00 -1.281718507769999960e-01 1.087100733686011955e-01
9.999999581423000272e-01 1.880216000000000109e+00 -9.513315149918999403e-02 1.041078021630554989e-01
9.999997303029000140e-01 1.880216000000000109e+00 -5.061895411286999880e-02 9.981132418188304323e-02
9.999997859954999901e-01 1.880216000000000109e+00 -4.343301175089999913e-07 9.864969752706698181e-02
9.999999649448999550e-01 1.880216000000000109e+00 5.061949428469000173e-02 9.855326771024792987e-02
9.999996138486999531e-01 1.880216000000000109e+00 9.513228283895000525e-02 1.010312525031092090e-01
1.000000554117999929e+00 1.880216000000000109e+00 1.281716249044000111e-01 1.066962126656492149e-01
1.000000435585999936e+00 1.880216000000000109e+00 1.457514454092999900e-01 1.145711943509148262e-01
9.999999024497000510e-01 1.924123999999999945e+00 -1.457516712819000027e-01 1.268526401118300617e-01
9.999997839173000447e-01 1.924123999999999945e+00 -1.281718507769999960e-01 1.098638139297456046e-01
9.999999581423000272e-01 1.924123999999999945e+00 -9.513315149918999403e-02 1.058776459839646661e-01
9.999997303029000140e-01 1.924123999999999945e+00 -5.061895411286999880e-02 1.034959111389020248e-01
9.999997859954999901e-01 1.924123999999999945e+00 -4.343301175089999913e-07 1.028309136111216493e-01
9.999999649448999550e-01 1.924123999999999945e+00 5.061949428469000173e-02 1.018772402003815664e-01
9.999996138486999531e-01 1.924123999999999945e+00 9.513228283895000525e-02 1.055234706157980040e-01
1.000000554117999929e+00 1.924123999999999945e+00 1.281716249044000111e-01 1.133566158449358235e-01
1.000000435585999936e+00 1.924123999999999945e+00 1.457514454092999900e-01 1.255958341907146836e-01
9.999999024497000510e-01 1.957271999999999901e+00 -1.457516712819000027e-01 1.439635116441996543e-01
9.999997839173000447e-01 1.957271999999999901e+00 -1.281718507769999960e-01 1.139102368932891490e-01
9.999999581423000272e-01 1.957271999999999901e+00 -9.513315149918999403e-02 1.162330350535469708e-01
9.999997303029000140e-01 1.957271999999999901e+00 -5.061895411286999880e-02 1.118678312976102707e-01
9.999997859954999901e-01 1.957271999999999901e+00 -4.343301175089999913e-07 1.114915216032220241e-01
9.999999649448999550e-01 1.957271999999999901e+00 5.061949428469000173e-02 1.113144626550940652e-01
9.999996138486999531e-01 1.957271999999999901e+00 9.513228283895000525e-02 1.128496715176705717e-01
1.000000554117999929e+00 1.957271999999999901e+00 1.281716249044000111e-01 1.222404451234930661e-01
1.000000435585999936e+00 1.957271999999999901e+00 1.457514454092999900e-01 1.441794267351986236e-01
9.999999024497000510e-01 1.979475000000000096e+00 -1.457516712819000027e-01 1.463822255111204285e-01
9.999997839173000447e-01 1.979475000000000096e+00 -1.281718507769999960e-01 1.290151554817280111e-01
9.999999581423000272e-01 1.979475000000000096e+00 -9.513315149918999403e-02 1.335108324822320558e-01
9.999997303029000140e-01 1.979475000000000096e+00 -5.061895411286999880e-02 1.242537424249677280e-01
9.999997859954999901e-01 1.979475000000000096e+00 -4.343301175089999913e-07 1.237901267649904602e-01
9.999999649448999550e-01 1.979475000000000096e+00 5.061949428469000173e-02 1.248560711001637791e-01
9.999996138486999531e-01 1.979475000000000096e+00 9.513228283895000525e-02 1.246470423946159090e-01
1.000000554117999929e+00 1.979475000000000096e+00 1.281716249044000111e-01 1.347467850184013161e-01
1.000000435585999936e+00 1.979475000000000096e+00 1.457514454092999900e-01 1.541876488701225123e-01
9.999999024497000510e-01 1.990607000000000015e+00 -1.457516712819000027e-01 1.559494035393588773e-01
9.999997839173000447e-01 1.990607000000000015e+00 -1.281718507769999960e-01 1.529356171761131478e-01
9.999999581423000272e-01 1.990607000000000015e+00 -9.513315149918999403e-02 1.386496016261910269e-01
9.999997303029000140e-01 1.990607000000000015e+00 -5.061895411286999880e-02 1.371118942265659169e-01
9.999997859954999901e-01 1.990607000000000015e+00 -4.343301175089999913e-07 1.305362277792007364e-01
9.999999649448999550e-01 1.990607000000000015e+00 5.061949428469000173e-02 1.351336176614817974e-01
9.999996138486999531e-01 1.990607000000000015e+00 9.513228283895000525e-02 1.370477262522100115e-01
1.000000554117999929e+00 1.990607000000000015e+00 1.281716249044000111e-01 1.480923613742136102e-01
1.000000435585999936e+00 1.990607000000000015e+00 1.457514454092999900e-01 1.665697511401485198e-01
