# ['# x', 'y', 'z', 'rmsCpNN']
4.241332146209000176e-07 7.448299999999999366e-02 -1.457513643763999889e-01 2.472365410061800606e-01
3.315038272284000051e-09 7.448299999999999366e-02 -1.281722246697999945e-01 3.128587937202585989e-01
3.256409338271999811e-07 7.448299999999999366e-02 -9.513233040702000209e-02 3.093856948962755982e-01
-2.312546532731000125e-08 7.448299999999999366e-02 -5.061901252486000063e-02 2.911073292881869445e-01
-1.216177461739999988e-07 7.448299999999999366e-02 2.144448998344000032e-08 2.616460843518281232e-01
-2.201100270208000014e-07 7.448299999999999366e-02 5.061905541384000007e-02 2.278829825198069869e-01
4.159313268652999923e-07 7.448299999999999366e-02 9.513219964782000659e-02 2.178854610627041499e-01
-2.465505306203999758e-07 7.448299999999999366e-02 1.281722675588000127e-01 2.189584875060946456e-01
3.174390460715000058e-07 7.448299999999999366e-02 1.457512336171999934e-01 2.115643484508917815e-01
4.241332146209000176e-07 2.230330000000000090e-01 -1.457513643763999889e-01 2.175321880393142893e-01
3.315038272284000051e-09 2.230330000000000090e-01 -1.281722246697999945e-01 2.631745689792032716e-01
3.256409338271999811e-07 2.230330000000000090e-01 -9.513233040702000209e-02 2.876499577453711098e-01
-2.312546532731000125e-08 2.230330000000000090e-01 -5.061901252486000063e-02 2.743625027296927033e-01
-1.216177461739999988e-07 2.230330000000000090e-01 2.144448998344000032e-08 2.649726677509114947e-01
-2.201100270208000014e-07 2.230330000000000090e-01 5.061905541384000007e-02 2.462584612427362318e-01
4.159313268652999923e-07 2.230330000000000090e-01 9.513219964782000659e-02 2.466406300159384724e-01
-2.465505306203999758e-07 2.230330000000000090e-01 1.281722675588000127e-01 2.620711445852933474e-01
3.174390460715000058e-07 2.230330000000000090e-01 1.457512336171999934e-01 2.486318543522963165e-01
4.241332146209000176e-07 3.703359999999999985e-01 -1.457513643763999889e-01 2.282415792885704731e-01
3.315038272284000051e-09 3.703359999999999985e-01 -1.281722246697999945e-01 2.682356086307730592e-01
3.256409338271999811e-07 3.703359999999999985e-01 -9.513233040702000209e-02 2.930307362663235327e-01
-2.312546532731000125e-08 3.703359999999999985e-01 -5.061901252486000063e-02 2.800001827893001116e-01
-1.216177461739999988e-07 3.703359999999999985e-01 2.144448998344000032e-08 2.687701323771558015e-01
-2.201100270208000014e-07 3.703359999999999985e-01 5.061905541384000007e-02 2.497367058549503638e-01
4.159313268652999923e-07 3.703359999999999985e-01 9.513219964782000659e-02 2.524708859857332510e-01
-2.465505306203999758e-07 3.703359999999999985e-01 1.281722675588000127e-01 2.791063650093030257e-01
3.174390460715000058e-07 3.703359999999999985e-01 1.457512336171999934e-01 2.726618794554570013e-01
4.241332146209000176e-07 5.155680000000000263e-01 -1.457513643763999889e-01 2.242183843518921471e-01
3.315038272284000051e-09 5.155680000000000263e-01 -1.281722246697999945e-01 2.684848837233719254e-01
3.256409338271999811e-07 5.155680000000000263e-01 -9.513233040702000209e-02 2.904979172379651975e-01
-2.312546532731000125e-08 5.155680000000000263e-01 -5.061901252486000063e-02 2.883063313058819022e-01
-1.216177461739999988e-07 5.155680000000000263e-01 2.144448998344000032e-08 2.891961631581280168e-01
-2.201100270208000014e-07 5.155680000000000263e-01 5.061905541384000007e-02 2.704885729595798982e-01
4.159313268652999923e-07 5.155680000000000263e-01 9.513219964782000659e-02 2.685925927959101900e-01
-2.465505306203999758e-07 5.155680000000000263e-01 1.281722675588000127e-01 3.039353425862714730e-01
3.174390460715000058e-07 5.155680000000000263e-01 1.457512336171999934e-01 2.938188479590822522e-01
4.241332146209000176e-07 6.579159999999999453e-01 -1.457513643763999889e-01 2.299147746286049343e-01
3.315038272284000051e-09 6.579159999999999453e-01 -1.281722246697999945e-01 2.759156729963913590e-01
3.256409338271999811e-07 6.579159999999999453e-01 -9.513233040702000209e-02 2.967010405173071130e-01
-2.312546532731000125e-08 6.579159999999999453e-01 -5.061901252486000063e-02 2.955750946894301623e-01
-1.216177461739999988e-07 6.579159999999999453e-01 2.144448998344000032e-08 3.086341624081333501e-01
-2.201100270208000014e-07 6.579159999999999453e-01 5.061905541384000007e-02 2.877379604399736834e-01
4.159313268652999923e-07 6.579159999999999453e-01 9.513219964782000659e-02 2.809621656476296581e-01
-2.465505306203999758e-07 6.579159999999999453e-01 1.281722675588000127e-01 3.248340480604995917e-01
3.174390460715000058e-07 6.579159999999999453e-01 1.457512336171999934e-01 3.201745514353666056e-01
4.241332146209000176e-07 7.965849999999999875e-01 -1.457513643763999889e-01 2.374349677456585872e-01
3.315038272284000051e-09 7.965849999999999875e-01 -1.281722246697999945e-01 2.856285103621198918e-01
3.256409338271999811e-07 7.965849999999999875e-01 -9.513233040702000209e-02 3.122517373870621338e-01
-2.312546532731000125e-08 7.965849999999999875e-01 -5.061901252486000063e-02 3.185220630013874676e-01
-1.216177461739999988e-07 7.965849999999999875e-01 2.144448998344000032e-08 3.243229572234958558e-01
-2.201100270208000014e-07 7.965849999999999875e-01 5.061905541384000007e-02 2.982947568669299665e-01
4.159313268652999923e-07 7.965849999999999875e-01 9.513219964782000659e-02 2.864070069946154096e-01
-2.465505306203999758e-07 7.965849999999999875e-01 1.281722675588000127e-01 3.141502430207596674e-01
3.174390460715000058e-07 7.965849999999999875e-01 1.457512336171999934e-01 3.298413281127395846e-01
4.241332146209000176e-07 9.307990000000000430e-01 -1.457513643763999889e-01 2.701004130436190920e-01
3.315038272284000051e-09 9.307990000000000430e-01 -1.281722246697999945e-01 2.869471629495429221e-01
3.256409338271999811e-07 9.307990000000000430e-01 -9.513233040702000209e-02 3.132877124912736844e-01
-2.312546532731000125e-08 9.307990000000000430e-01 -5.061901252486000063e-02 3.218552280928078657e-01
-1.216177461739999988e-07 9.307990000000000430e-01 2.144448998344000032e-08 3.296748362831831702e-01
-2.201100270208000014e-07 9.307990000000000430e-01 5.061905541384000007e-02 3.064600478937133388e-01
4.159313268652999923e-07 9.307990000000000430e-01 9.513219964782000659e-02 2.922798916660829249e-01
-2.465505306203999758e-07 9.307990000000000430e-01 1.281722675588000127e-01 3.236688571345759935e-01
3.174390460715000058e-07 9.307990000000000430e-01 1.457512336171999934e-01 3.152067008503718903e-01
4.241332146209000176e-07 1.059808000000000083e+00 -1.457513643763999889e-01 2.412516110202786168e-01
3.315038272284000051e-09 1.059808000000000083e+00 -1.281722246697999945e-01 2.910118799135295031e-01
3.256409338271999811e-07 1.059808000000000083e+00 -9.513233040702000209e-02 3.076848425624704175e-01
-2.312546532731000125e-08 1.059808000000000083e+00 -5.061901252486000063e-02 3.146689550270166946e-01
-1.216177461739999988e-07 1.059808000000000083e+00 2.144448998344000032e-08 3.245323710072964274e-01
-2.201100270208000014e-07 1.059808000000000083e+00 5.061905541384000007e-02 3.051013613474274355e-01
4.159313268652999923e-07 1.059808000000000083e+00 9.513219964782000659e-02 2.917205533254866867e-01
-2.465505306203999758e-07 1.059808000000000083e+00 1.281722675588000127e-01 3.404541426335147003e-01
3.174390460715000058e-07 1.059808000000000083e+00 1.457512336171999934e-01 3.349983350305644758e-01
4.241332146209000176e-07 1.182889999999999997e+00 -1.457513643763999889e-01 2.481192285533209696e-01
3.315038272284000051e-09 1.182889999999999997e+00 -1.281722246697999945e-01 2.905148706680082404e-01
3.256409338271999811e-07 1.182889999999999997e+00 -9.513233040702000209e-02 3.053852402106672637e-01
-2.312546532731000125e-08 1.182889999999999997e+00 -5.061901252486000063e-02 3.093795942408852917e-01
-1.216177461739999988e-07 1.182889999999999997e+00 2.144448998344000032e-08 3.216970607216118605e-01
-2.201100270208000014e-07 1.182889999999999997e+00 5.061905541384000007e-02 3.073163721143096216e-01
4.159313268652999923e-07 1.182889999999999997e+00 9.513219964782000659e-02 2.971823304818794198e-01
-2.465505306203999758e-07 1.182889999999999997e+00 1.281722675588000127e-01 3.251723962994510497e-01
3.174390460715000058e-07 1.182889999999999997e+00 1.457512336171999934e-01 3.196635798083227176e-01
4.241332146209000176e-07 1.299357000000000095e+00 -1.457513643763999889e-01 2.798407321908081835e-01
3.315038272284000051e-09 1.299357000000000095e+00 -1.281722246697999945e-01 3.102391928477457594e-01
3.256409338271999811e-07 1.299357000000000095e+00 -9.513233040702000209e-02 2.999615347192107206e-01
-2.312546532731000125e-08 1.299357000000000095e+00 -5.061901252486000063e-02 3.065393225873637162e-01
-1.216177461739999988e-07 1.299357000000000095e+00 2.144448998344000032e-08 3.117588892226442754e-01
-2.201100270208000014e-07 1.299357000000000095e+00 5.061905541384000007e-02 2.997710903519391623e-01
4.159313268652999923e-07 1.299357000000000095e+00 9.513219964782000659e-02 2.890257792338766785e-01
-2.465505306203999758e-07 1.299357000000000095e+00 1.281722675588000127e-01 3.224581856648054412e-01
3.174390460715000058e-07 1.299357000000000095e+00 1.457512336171999934e-01 3.120030219065631494e-01
4.241332146209000176e-07 1.408557000000000059e+00 -1.457513643763999889e-01 2.749772671845029937e-01
3.315038272284000051e-09 1.408557000000000059e+00 -1.281722246697999945e-01 2.974345962099967933e-01
3.256409338271999811e-07 1.408557000000000059e+00 -9.513233040702000209e-02 2.953855411121745211e-01
-2.312546532731000125e-08 1.408557000000000059e+00 -5.061901252486000063e-02 3.020074164311858933e-01
-1.216177461739999988e-07 1.408557000000000059e+00 2.144448998344000032e-08 3.066383483628100648e-01
-2.201100270208000014e-07 1.408557000000000059e+00 5.061905541384000007e-02 2.893839666793887599e-01
4.159313268652999923e-07 1.408557000000000059e+00 9.513219964782000659e-02 2.806758740283094022e-01
-2.465505306203999758e-07 1.408557000000000059e+00 1.281722675588000127e-01 3.158898869599933157e-01
3.174390460715000058e-07 1.408557000000000059e+00 1.457512336171999934e-01 3.010781458476529115e-01
4.241332146209000176e-07 1.509880000000000111e+00 -1.457513643763999889e-01 2.353236450195567986e-01
3.315038272284000051e-09 1.509880000000000111e+00 -1.281722246697999945e-01 2.833897828498671001e-01
3.256409338271999811e-07 1.509880000000000111e+00 -9.513233040702000209e-02 2.944024914509244528e-01
-2.312546532731000125e-08 1.509880000000000111e+00 -5.061901252486000063e-02 2.971809617790508451e-01
-1.216177461739999988e-07 1.509880000000000111e+00 2.144448998344000032e-08 3.024366229614666168e-01
-2.201100270208000014e-07 1.509880000000000111e+00 5.061905541384000007e-02 2.859040347352872491e-01
4.159313268652999923e-07 1.509880000000000111e+00 9.513219964782000659e-02 2.771911042974825601e-01
-2.465505306203999758e-07 1.509880000000000111e+00 1.281722675588000127e-01 3.136700740940052690e-01
3.174390460715000058e-07 1.509880000000000111e+00 1.457512336171999934e-01 3.013406997263877729e-01
4.241332146209000176e-07 1.602759000000000045e+00 -1.457513643763999889e-01 2.637212051728395346e-01
3.315038272284000051e-09 1.602759000000000045e+00 -1.281722246697999945e-01 2.766565541457057797e-01
3.256409338271999811e-07 1.602759000000000045e+00 -9.513233040702000209e-02 2.964434733961508472e-01
-2.312546532731000125e-08 1.602759000000000045e+00 -5.061901252486000063e-02 3.007860251488335135e-01
-1.216177461739999988e-07 1.602759000000000045e+00 2.144448998344000032e-08 3.079329307256735704e-01
-2.201100270208000014e-07 1.602759000000000045e+00 5.061905541384000007e-02 2.905242344184175152e-01
4.159313268652999923e-07 1.602759000000000045e+00 9.513219964782000659e-02 2.729561906131549587e-01
-2.465505306203999758e-07 1.602759000000000045e+00 1.281722675588000127e-01 2.925948524545218254e-01
3.174390460715000058e-07 1.602759000000000045e+00 1.457512336171999934e-01 2.871751883709531272e-01
4.241332146209000176e-07 1.686674999999999924e+00 -1.457513643763999889e-01 2.299231711402930922e-01
3.315038272284000051e-09 1.686674999999999924e+00 -1.281722246697999945e-01 2.741866098715414757e-01
3.256409338271999811e-07 1.686674999999999924e+00 -9.513233040702000209e-02 2.933301380986522156e-01
-2.312546532731000125e-08 1.686674999999999924e+00 -5.061901252486000063e-02 2.949808232720750878e-01
-1.216177461739999988e-07 1.686674999999999924e+00 2.144448998344000032e-08 3.009977131034001219e-01
-2.201100270208000014e-07 1.686674999999999924e+00 5.061905541384000007e-02 2.835456851723307525e-01
4.159313268652999923e-07 1.686674999999999924e+00 9.513219964782000659e-02 2.668993238453689076e-01
-2.465505306203999758e-07 1.686674999999999924e+00 1.281722675588000127e-01 2.911447927158763438e-01
3.174390460715000058e-07 1.686674999999999924e+00 1.457512336171999934e-01 2.773655176520430921e-01
4.241332146209000176e-07 1.761158000000000001e+00 -1.457513643763999889e-01 2.315231665317413756e-01
3.315038272284000051e-09 1.761158000000000001e+00 -1.281722246697999945e-01 2.830361106739742727e-01
3.256409338271999811e-07 1.761158000000000001e+00 -9.513233040702000209e-02 2.975948252750597045e-01
-2.312546532731000125e-08 1.761158000000000001e+00 -5.061901252486000063e-02 2.983157017033390979e-01
-1.216177461739999988e-07 1.761158000000000001e+00 2.144448998344000032e-08 3.010201493917261661e-01
-2.201100270208000014e-07 1.761158000000000001e+00 5.061905541384000007e-02 2.840262540782966805e-01
4.159313268652999923e-07 1.761158000000000001e+00 9.513219964782000659e-02 2.642320443987500322e-01
-2.465505306203999758e-07 1.761158000000000001e+00 1.281722675588000127e-01 2.792406619083083186e-01
3.174390460715000058e-07 1.761158000000000001e+00 1.457512336171999934e-01 2.753601262050883736e-01
4.241332146209000176e-07 1.825792000000000082e+00 -1.457513643763999889e-01 2.652948120927685616e-01
3.315038272284000051e-09 1.825792000000000082e+00 -1.281722246697999945e-01 3.042372568484889017e-01
3.256409338271999811e-07 1.825792000000000082e+00 -9.513233040702000209e-02 3.131500266071418070e-01
-2.312546532731000125e-08 1.825792000000000082e+00 -5.061901252486000063e-02 3.102033036754497930e-01
-1.216177461739999988e-07 1.825792000000000082e+00 2.144448998344000032e-08 3.053405388860293002e-01
-2.201100270208000014e-07 1.825792000000000082e+00 5.061905541384000007e-02 2.802343883148891157e-01
4.159313268652999923e-07 1.825792000000000082e+00 9.513219964782000659e-02 2.612698360482277327e-01
-2.465505306203999758e-07 1.825792000000000082e+00 1.281722675588000127e-01 2.639302657445141698e-01
3.174390460715000058e-07 1.825792000000000082e+00 1.457512336171999934e-01 2.557776759186770055e-01
4.241332146209000176e-07 1.880216000000000109e+00 -1.457513643763999889e-01 3.009452307519950853e-01
3.315038272284000051e-09 1.880216000000000109e+00 -1.281722246697999945e-01 3.398574263171585952e-01
3.256409338271999811e-07 1.880216000000000109e+00 -9.513233040702000209e-02 3.271676212027614383e-01
-2.312546532731000125e-08 1.880216000000000109e+00 -5.061901252486000063e-02 3.199117662035980691e-01
-1.216177461739999988e-07 1.880216000000000109e+00 2.144448998344000032e-08 2.972131110315628377e-01
-2.201100270208000014e-07 1.880216000000000109e+00 5.061905541384000007e-02 2.798455686106694484e-01
4.159313268652999923e-07 1.880216000000000109e+00 9.513219964782000659e-02 2.594184815756079843e-01
-2.465505306203999758e-07 1.880216000000000109e+00 1.281722675588000127e-01 2.561949516397375448e-01
3.174390460715000058e-07 1.880216000000000109e+00 1.457512336171999934e-01 2.497663999917480171e-01
4.241332146209000176e-07 1.924123999999999945e+00 -1.457513643763999889e-01 3.419755229887002645e-01
3.315038272284000051e-09 1.924123999999999945e+00 -1.281722246697999945e-01 3.571160645598515648e-01
3.256409338271999811e-07 1.924123999999999945e+00 -9.513233040702000209e-02 3.351393656048002323e-01
-2.312546532731000125e-08 1.924123999999999945e+00 -5.061901252486000063e-02 3.142268300033677075e-01
-1.216177461739999988e-07 1.924123999999999945e+00 2.144448998344000032e-08 2.926988245666727884e-01
-2.201100270208000014e-07 1.924123999999999945e+00 5.061905541384000007e-02 2.730207600137953272e-01
4.159313268652999923e-07 1.924123999999999945e+00 9.513219964782000659e-02 2.571841166675908341e-01
-2.465505306203999758e-07 1.924123999999999945e+00 1.281722675588000127e-01 2.503094105403878555e-01
3.174390460715000058e-07 1.924123999999999945e+00 1.457512336171999934e-01 2.414727204003642158e-01
4.241332146209000176e-07 1.957271999999999901e+00 -1.457513643763999889e-01 3.652522520704396536e-01
3.315038272284000051e-09 1.957271999999999901e+00 -1.281722246697999945e-01 3.618707767165922906e-01
3.256409338271999811e-07 1.957271999999999901e+00 -9.513233040702000209e-02 3.298126593440740550e-01
-2.312546532731000125e-08 1.957271999999999901e+00 -5.061901252486000063e-02 3.096101177029629281e-01
-1.216177461739999988e-07 1.957271999999999901e+00 2.144448998344000032e-08 2.933572051378804946e-01
-2.201100270208000014e-07 1.957271999999999901e+00 5.061905541384000007e-02 2.791930496877071399e-01
4.159313268652999923e-07 1.957271999999999901e+00 9.513219964782000659e-02 2.583024318342257986e-01
-2.465505306203999758e-07 1.957271999999999901e+00 1.281722675588000127e-01 2.471011069881698941e-01
3.174390460715000058e-07 1.957271999999999901e+00 1.457512336171999934e-01 2.400150945449659179e-01
4.241332146209000176e-07 1.979475000000000096e+00 -1.457513643763999889e-01 2.784420804315083653e-01
3.315038272284000051e-09 1.979475000000000096e+00 -1.281722246697999945e-01 3.371037617482144366e-01
3.256409338271999811e-07 1.979475000000000096e+00 -9.513233040702000209e-02 3.178789360926674856e-01
-2.312546532731000125e-08 1.979475000000000096e+00 -5.061901252486000063e-02 3.070912629877169953e-01
-1.216177461739999988e-07 1.979475000000000096e+00 2.144448998344000032e-08 2.977505536304742018e-01
-2.201100270208000014e-07 1.979475000000000096e+00 5.061905541384000007e-02 2.803456451063564003e-01
4.159313268652999923e-07 1.979475000000000096e+00 9.513219964782000659e-02 2.583102289098264670e-01
-2.465505306203999758e-07 1.979475000000000096e+00 1.281722675588000127e-01 2.509940494520905840e-01
3.174390460715000058e-07 1.979475000000000096e+00 1.457512336171999934e-01 2.430041747963657128e-01
4.241332146209000176e-07 1.990607000000000015e+00 -1.457513643763999889e-01 2.700601538820502356e-01
3.315038272284000051e-09 1.990607000000000015e+00 -1.281722246697999945e-01 3.126762347249685825e-01
3.256409338271999811e-07 1.990607000000000015e+00 -9.513233040702000209e-02 3.147219912278852449e-01
-2.312546532731000125e-08 1.990607000000000015e+00 -5.061901252486000063e-02 3.071871310581683612e-01
-1.216177461739999988e-07 1.990607000000000015e+00 2.144448998344000032e-08 3.056981239476422862e-01
-2.201100270208000014e-07 1.990607000000000015e+00 5.061905541384000007e-02 2.876295363826312790e-01
4.159313268652999923e-07 1.990607000000000015e+00 9.513219964782000659e-02 2.629997146978599876e-01
-2.465505306203999758e-07 1.990607000000000015e+00 1.281722675588000127e-01 2.493088322172275495e-01
3.174390460715000058e-07 1.990607000000000015e+00 1.457512336171999934e-01 2.413533354761869254e-01
