# ['# x', 'y', 'z', 'rmsCpNN']
0.000000000000000000e+00 7.448299999999999366e-02 -1.457519999999999927e-01 1.898859610699020206e-01
0.000000000000000000e+00 7.448299999999999366e-02 -1.281720000000000081e-01 1.599892163472821371e-01
0.000000000000000000e+00 7.448299999999999366e-02 -9.513299999999999534e-02 1.523075967333658298e-01
0.000000000000000000e+00 7.448299999999999366e-02 -5.061899999999999733e-02 1.534477292631999112e-01
0.000000000000000000e+00 7.448299999999999366e-02 0.000000000000000000e+00 1.574473031710297566e-01
0.000000000000000000e+00 7.448299999999999366e-02 5.061899999999999733e-02 1.539283276598706340e-01
0.000000000000000000e+00 7.448299999999999366e-02 9.513299999999999534e-02 1.580696567902566685e-01
0.000000000000000000e+00 7.448299999999999366e-02 1.281720000000000081e-01 1.659162664091710648e-01
0.000000000000000000e+00 7.448299999999999366e-02 1.457519999999999927e-01 1.867758828864606868e-01
0.000000000000000000e+00 2.230330000000000090e-01 -1.457519999999999927e-01 1.905310546493523272e-01
0.000000000000000000e+00 2.230330000000000090e-01 -1.281720000000000081e-01 1.726484967681949645e-01
0.000000000000000000e+00 2.230330000000000090e-01 -9.513299999999999534e-02 1.725566070132831531e-01
0.000000000000000000e+00 2.230330000000000090e-01 -5.061899999999999733e-02 1.706012825181540404e-01
0.000000000000000000e+00 2.230330000000000090e-01 0.000000000000000000e+00 1.711860939538294435e-01
0.000000000000000000e+00 2.230330000000000090e-01 5.061899999999999733e-02 1.786312689689705246e-01
0.000000000000000000e+00 2.230330000000000090e-01 9.513299999999999534e-02 1.812466413134190268e-01
0.000000000000000000e+00 2.230330000000000090e-01 1.281720000000000081e-01 1.711636873008045845e-01
0.000000000000000000e+00 2.230330000000000090e-01 1.457519999999999927e-01 1.824913551916796384e-01
0.000000000000000000e+00 3.703359999999999985e-01 -1.457519999999999927e-01 1.851693097532897403e-01
0.000000000000000000e+00 3.703359999999999985e-01 -1.281720000000000081e-01 1.763840885091445543e-01
0.000000000000000000e+00 3.703359999999999985e-01 -9.513299999999999534e-02 1.789118306597277941e-01
0.000000000000000000e+00 3.703359999999999985e-01 -5.061899999999999733e-02 1.751825147555054196e-01
0.000000000000000000e+00 3.703359999999999985e-01 0.000000000000000000e+00 1.767985456999554561e-01
0.000000000000000000e+00 3.703359999999999985e-01 5.061899999999999733e-02 1.769822046804687410e-01
0.000000000000000000e+00 3.703359999999999985e-01 9.513299999999999534e-02 1.835253143500922557e-01
0.000000000000000000e+00 3.703359999999999985e-01 1.281720000000000081e-01 1.805435194962238810e-01
0.000000000000000000e+00 3.703359999999999985e-01 1.457519999999999927e-01 1.924005222629474043e-01
0.000000000000000000e+00 5.155680000000000263e-01 -1.457519999999999927e-01 1.984782137308492289e-01
0.000000000000000000e+00 5.155680000000000263e-01 -1.281720000000000081e-01 1.766454641410081239e-01
0.000000000000000000e+00 5.155680000000000263e-01 -9.513299999999999534e-02 1.828010213194340983e-01
0.000000000000000000e+00 5.155680000000000263e-01 -5.061899999999999733e-02 1.768535586136785465e-01
0.000000000000000000e+00 5.155680000000000263e-01 0.000000000000000000e+00 1.791894235814724123e-01
0.000000000000000000e+00 5.155680000000000263e-01 5.061899999999999733e-02 1.812239347955981461e-01
0.000000000000000000e+00 5.155680000000000263e-01 9.513299999999999534e-02 1.867149971489397708e-01
0.000000000000000000e+00 5.155680000000000263e-01 1.281720000000000081e-01 1.853998441796873842e-01
0.000000000000000000e+00 5.155680000000000263e-01 1.457519999999999927e-01 1.991958476787029919e-01
0.000000000000000000e+00 6.579159999999999453e-01 -1.457519999999999927e-01 1.920188544232539485e-01
0.000000000000000000e+00 6.579159999999999453e-01 -1.281720000000000081e-01 1.855759134477612260e-01
0.000000000000000000e+00 6.579159999999999453e-01 -9.513299999999999534e-02 1.963354977384418609e-01
0.000000000000000000e+00 6.579159999999999453e-01 -5.061899999999999733e-02 1.912418162268503807e-01
0.000000000000000000e+00 6.579159999999999453e-01 0.000000000000000000e+00 1.967007645715931341e-01
0.000000000000000000e+00 6.579159999999999453e-01 5.061899999999999733e-02 1.961209112622921136e-01
0.000000000000000000e+00 6.579159999999999453e-01 9.513299999999999534e-02 1.998130290315076052e-01
0.000000000000000000e+00 6.579159999999999453e-01 1.281720000000000081e-01 1.907737857697290040e-01
0.000000000000000000e+00 6.579159999999999453e-01 1.457519999999999927e-01 1.945793297076454653e-01
0.000000000000000000e+00 7.965849999999999875e-01 -1.457519999999999927e-01 2.009740192526080493e-01
0.000000000000000000e+00 7.965849999999999875e-01 -1.281720000000000081e-01 1.864130216510345994e-01
0.000000000000000000e+00 7.965849999999999875e-01 -9.513299999999999534e-02 1.933864140949612953e-01
0.000000000000000000e+00 7.965849999999999875e-01 -5.061899999999999733e-02 1.935093572480251212e-01
0.000000000000000000e+00 7.965849999999999875e-01 0.000000000000000000e+00 1.983206382021407421e-01
0.000000000000000000e+00 7.965849999999999875e-01 5.061899999999999733e-02 1.943271919902921641e-01
0.000000000000000000e+00 7.965849999999999875e-01 9.513299999999999534e-02 1.986752261642496242e-01
0.000000000000000000e+00 7.965849999999999875e-01 1.281720000000000081e-01 1.914084791959047571e-01
0.000000000000000000e+00 7.965849999999999875e-01 1.457519999999999927e-01 2.025308773801103579e-01
0.000000000000000000e+00 9.307990000000000430e-01 -1.457519999999999927e-01 1.962676797518934924e-01
0.000000000000000000e+00 9.307990000000000430e-01 -1.281720000000000081e-01 1.869925361874679726e-01
0.000000000000000000e+00 9.307990000000000430e-01 -9.513299999999999534e-02 1.920147242506880236e-01
0.000000000000000000e+00 9.307990000000000430e-01 -5.061899999999999733e-02 1.904240660009268726e-01
0.000000000000000000e+00 9.307990000000000430e-01 0.000000000000000000e+00 1.945733005079296474e-01
0.000000000000000000e+00 9.307990000000000430e-01 5.061899999999999733e-02 1.930600684732316774e-01
0.000000000000000000e+00 9.307990000000000430e-01 9.513299999999999534e-02 1.982869807969082632e-01
0.000000000000000000e+00 9.307990000000000430e-01 1.281720000000000081e-01 1.862717157015471858e-01
0.000000000000000000e+00 9.307990000000000430e-01 1.457519999999999927e-01 1.938255781009584899e-01
0.000000000000000000e+00 1.059808000000000083e+00 -1.457519999999999927e-01 1.972122462166970014e-01
0.000000000000000000e+00 1.059808000000000083e+00 -1.281720000000000081e-01 1.906610785093316995e-01
0.000000000000000000e+00 1.059808000000000083e+00 -9.513299999999999534e-02 1.983292936630165482e-01
0.000000000000000000e+00 1.059808000000000083e+00 -5.061899999999999733e-02 1.986446876088592273e-01
0.000000000000000000e+00 1.059808000000000083e+00 0.000000000000000000e+00 2.011165586493585400e-01
0.000000000000000000e+00 1.059808000000000083e+00 5.061899999999999733e-02 1.995929232919763652e-01
0.000000000000000000e+00 1.059808000000000083e+00 9.513299999999999534e-02 2.009297937930143996e-01
0.000000000000000000e+00 1.059808000000000083e+00 1.281720000000000081e-01 1.900890232392776491e-01
0.000000000000000000e+00 1.059808000000000083e+00 1.457519999999999927e-01 2.017203302316467051e-01
0.000000000000000000e+00 1.182889999999999997e+00 -1.457519999999999927e-01 2.010801735061022166e-01
0.000000000000000000e+00 1.182889999999999997e+00 -1.281720000000000081e-01 1.909552226472791547e-01
0.000000000000000000e+00 1.182889999999999997e+00 -9.513299999999999534e-02 1.976715512658357432e-01
0.000000000000000000e+00 1.182889999999999997e+00 -5.061899999999999733e-02 1.993087385068512685e-01
0.000000000000000000e+00 1.182889999999999997e+00 0.000000000000000000e+00 2.012991643258977281e-01
0.000000000000000000e+00 1.182889999999999997e+00 5.061899999999999733e-02 2.088475663534009596e-01
0.000000000000000000e+00 1.182889999999999997e+00 9.513299999999999534e-02 2.081248979427330337e-01
0.000000000000000000e+00 1.182889999999999997e+00 1.281720000000000081e-01 1.991967334182592198e-01
0.000000000000000000e+00 1.182889999999999997e+00 1.457519999999999927e-01 2.075177962537844700e-01
0.000000000000000000e+00 1.299357000000000095e+00 -1.457519999999999927e-01 2.093119001294354298e-01
0.000000000000000000e+00 1.299357000000000095e+00 -1.281720000000000081e-01 1.955959314365548762e-01
0.000000000000000000e+00 1.299357000000000095e+00 -9.513299999999999534e-02 1.986469164809584742e-01
0.000000000000000000e+00 1.299357000000000095e+00 -5.061899999999999733e-02 1.932537499568400263e-01
0.000000000000000000e+00 1.299357000000000095e+00 0.000000000000000000e+00 2.011265264011417586e-01
0.000000000000000000e+00 1.299357000000000095e+00 5.061899999999999733e-02 1.976213799311304642e-01
0.000000000000000000e+00 1.299357000000000095e+00 9.513299999999999534e-02 2.007608245531281310e-01
0.000000000000000000e+00 1.299357000000000095e+00 1.281720000000000081e-01 1.918583379898088637e-01
0.000000000000000000e+00 1.299357000000000095e+00 1.457519999999999927e-01 1.978023721504036103e-01
0.000000000000000000e+00 1.408557000000000059e+00 -1.457519999999999927e-01 2.266583281317845200e-01
0.000000000000000000e+00 1.408557000000000059e+00 -1.281720000000000081e-01 1.943176251927546949e-01
0.000000000000000000e+00 1.408557000000000059e+00 -9.513299999999999534e-02 1.975051095183110172e-01
0.000000000000000000e+00 1.408557000000000059e+00 -5.061899999999999733e-02 1.929769986144113936e-01
0.000000000000000000e+00 1.408557000000000059e+00 0.000000000000000000e+00 1.961142017198723442e-01
0.000000000000000000e+00 1.408557000000000059e+00 5.061899999999999733e-02 1.930193301853772025e-01
0.000000000000000000e+00 1.408557000000000059e+00 9.513299999999999534e-02 1.985799738331369413e-01
0.000000000000000000e+00 1.408557000000000059e+00 1.281720000000000081e-01 1.921480526605391370e-01
0.000000000000000000e+00 1.408557000000000059e+00 1.457519999999999927e-01 2.112644880530643310e-01
0.000000000000000000e+00 1.509880000000000111e+00 -1.457519999999999927e-01 2.144125321300774378e-01
0.000000000000000000e+00 1.509880000000000111e+00 -1.281720000000000081e-01 2.007181379129363841e-01
0.000000000000000000e+00 1.509880000000000111e+00 -9.513299999999999534e-02 2.017711995641252865e-01
0.000000000000000000e+00 1.509880000000000111e+00 -5.061899999999999733e-02 1.973144637905590582e-01
0.000000000000000000e+00 1.509880000000000111e+00 0.000000000000000000e+00 2.021928981603844655e-01
0.000000000000000000e+00 1.509880000000000111e+00 5.061899999999999733e-02 2.034322658063277556e-01
0.000000000000000000e+00 1.509880000000000111e+00 9.513299999999999534e-02 2.013671587164563292e-01
0.000000000000000000e+00 1.509880000000000111e+00 1.281720000000000081e-01 1.935591228998725655e-01
0.000000000000000000e+00 1.509880000000000111e+00 1.457519999999999927e-01 2.054007056521683916e-01
0.000000000000000000e+00 1.602759000000000045e+00 -1.457519999999999927e-01 2.138016099243871537e-01
0.000000000000000000e+00 1.602759000000000045e+00 -1.281720000000000081e-01 1.945655099815696287e-01
0.000000000000000000e+00 1.602759000000000045e+00 -9.513299999999999534e-02 1.982733030219297199e-01
0.000000000000000000e+00 1.602759000000000045e+00 -5.061899999999999733e-02 1.949090755156969168e-01
0.000000000000000000e+00 1.602759000000000045e+00 0.000000000000000000e+00 1.993612836094608987e-01
0.000000000000000000e+00 1.602759000000000045e+00 5.061899999999999733e-02 1.969799245581430325e-01
0.000000000000000000e+00 1.602759000000000045e+00 9.513299999999999534e-02 1.940015079847663138e-01
0.000000000000000000e+00 1.602759000000000045e+00 1.281720000000000081e-01 1.911289588519050064e-01
0.000000000000000000e+00 1.602759000000000045e+00 1.457519999999999927e-01 2.085786352008140998e-01
0.000000000000000000e+00 1.686674999999999924e+00 -1.457519999999999927e-01 2.073984481522902767e-01
0.000000000000000000e+00 1.686674999999999924e+00 -1.281720000000000081e-01 1.994931009811210798e-01
0.000000000000000000e+00 1.686674999999999924e+00 -9.513299999999999534e-02 2.035194862711524055e-01
0.000000000000000000e+00 1.686674999999999924e+00 -5.061899999999999733e-02 2.025145861674767789e-01
0.000000000000000000e+00 1.686674999999999924e+00 0.000000000000000000e+00 2.080544423086812256e-01
0.000000000000000000e+00 1.686674999999999924e+00 5.061899999999999733e-02 2.068584679533314596e-01
0.000000000000000000e+00 1.686674999999999924e+00 9.513299999999999534e-02 2.047636912450514768e-01
0.000000000000000000e+00 1.686674999999999924e+00 1.281720000000000081e-01 1.970433420195048801e-01
0.000000000000000000e+00 1.686674999999999924e+00 1.457519999999999927e-01 2.064894855408909158e-01
0.000000000000000000e+00 1.761158000000000001e+00 -1.457519999999999927e-01 2.111981109438178794e-01
0.000000000000000000e+00 1.761158000000000001e+00 -1.281720000000000081e-01 2.046257389173833374e-01
0.000000000000000000e+00 1.761158000000000001e+00 -9.513299999999999534e-02 2.160959639894690087e-01
0.000000000000000000e+00 1.761158000000000001e+00 -5.061899999999999733e-02 2.183508113011031759e-01
0.000000000000000000e+00 1.761158000000000001e+00 0.000000000000000000e+00 2.210841029211076114e-01
0.000000000000000000e+00 1.761158000000000001e+00 5.061899999999999733e-02 2.182743776476549769e-01
0.000000000000000000e+00 1.761158000000000001e+00 9.513299999999999534e-02 2.145812916953907801e-01
0.000000000000000000e+00 1.761158000000000001e+00 1.281720000000000081e-01 2.030134077079583377e-01
0.000000000000000000e+00 1.761158000000000001e+00 1.457519999999999927e-01 2.145583223522336547e-01
0.000000000000000000e+00 1.825792000000000082e+00 -1.457519999999999927e-01 2.299268144530211000e-01
0.000000000000000000e+00 1.825792000000000082e+00 -1.281720000000000081e-01 2.101853969892604479e-01
0.000000000000000000e+00 1.825792000000000082e+00 -9.513299999999999534e-02 2.257596474056469127e-01
0.000000000000000000e+00 1.825792000000000082e+00 -5.061899999999999733e-02 2.207978415822027529e-01
0.000000000000000000e+00 1.825792000000000082e+00 0.000000000000000000e+00 2.207108686412881104e-01
0.000000000000000000e+00 1.825792000000000082e+00 5.061899999999999733e-02 2.192888052640219743e-01
0.000000000000000000e+00 1.825792000000000082e+00 9.513299999999999534e-02 2.195049335831070203e-01
0.000000000000000000e+00 1.825792000000000082e+00 1.281720000000000081e-01 2.078965878605019968e-01
0.000000000000000000e+00 1.825792000000000082e+00 1.457519999999999927e-01 2.290602766671206714e-01
0.000000000000000000e+00 1.880216000000000109e+00 -1.457519999999999927e-01 2.221730520736845682e-01
0.000000000000000000e+00 1.880216000000000109e+00 -1.281720000000000081e-01 2.126092042254850989e-01
0.000000000000000000e+00 1.880216000000000109e+00 -9.513299999999999534e-02 2.298840797445819428e-01
0.000000000000000000e+00 1.880216000000000109e+00 -5.061899999999999733e-02 2.250653847313185962e-01
0.000000000000000000e+00 1.880216000000000109e+00 0.000000000000000000e+00 2.218146138754903129e-01
0.000000000000000000e+00 1.880216000000000109e+00 5.061899999999999733e-02 2.132642418845486776e-01
0.000000000000000000e+00 1.880216000000000109e+00 9.513299999999999534e-02 2.224039921204794545e-01
0.000000000000000000e+00 1.880216000000000109e+00 1.281720000000000081e-01 2.107449093776162796e-01
0.000000000000000000e+00 1.880216000000000109e+00 1.457519999999999927e-01 2.285433625342538078e-01
0.000000000000000000e+00 1.924123999999999945e+00 -1.457519999999999927e-01 2.248280910873802219e-01
0.000000000000000000e+00 1.924123999999999945e+00 -1.281720000000000081e-01 2.082840864523638758e-01
0.000000000000000000e+00 1.924123999999999945e+00 -9.513299999999999534e-02 2.304618618683778875e-01
0.000000000000000000e+00 1.924123999999999945e+00 -5.061899999999999733e-02 2.147543846726099881e-01
0.000000000000000000e+00 1.924123999999999945e+00 0.000000000000000000e+00 2.208172951716551868e-01
0.000000000000000000e+00 1.924123999999999945e+00 5.061899999999999733e-02 2.122196336043099263e-01
0.000000000000000000e+00 1.924123999999999945e+00 9.513299999999999534e-02 2.215680131109046269e-01
0.000000000000000000e+00 1.924123999999999945e+00 1.281720000000000081e-01 2.035061238716096843e-01
0.000000000000000000e+00 1.924123999999999945e+00 1.457519999999999927e-01 2.301980779715574743e-01
0.000000000000000000e+00 1.957271999999999901e+00 -1.457519999999999927e-01 2.188167442989890354e-01
0.000000000000000000e+00 1.957271999999999901e+00 -1.281720000000000081e-01 2.132896586068398770e-01
0.000000000000000000e+00 1.957271999999999901e+00 -9.513299999999999534e-02 2.214944694005125669e-01
0.000000000000000000e+00 1.957271999999999901e+00 -5.061899999999999733e-02 2.098975897300452420e-01
0.000000000000000000e+00 1.957271999999999901e+00 0.000000000000000000e+00 2.173185960248804616e-01
0.000000000000000000e+00 1.957271999999999901e+00 5.061899999999999733e-02 2.091994419905181535e-01
0.000000000000000000e+00 1.957271999999999901e+00 9.513299999999999534e-02 2.176751943761224550e-01
0.000000000000000000e+00 1.957271999999999901e+00 1.281720000000000081e-01 2.077603932094360117e-01
0.000000000000000000e+00 1.957271999999999901e+00 1.457519999999999927e-01 2.196446525350055912e-01
0.000000000000000000e+00 1.979475000000000096e+00 -1.457519999999999927e-01 1.989849243424207381e-01
0.000000000000000000e+00 1.979475000000000096e+00 -1.281720000000000081e-01 1.831659739785376495e-01
0.000000000000000000e+00 1.979475000000000096e+00 -9.513299999999999534e-02 2.008918597460893907e-01
0.000000000000000000e+00 1.979475000000000096e+00 -5.061899999999999733e-02 1.895582900777168511e-01
0.000000000000000000e+00 1.979475000000000096e+00 0.000000000000000000e+00 2.055727366327677885e-01
0.000000000000000000e+00 1.979475000000000096e+00 5.061899999999999733e-02 1.891578501457391592e-01
0.000000000000000000e+00 1.979475000000000096e+00 9.513299999999999534e-02 2.004413457386974851e-01
0.000000000000000000e+00 1.979475000000000096e+00 1.281720000000000081e-01 1.811174993925134813e-01
0.000000000000000000e+00 1.979475000000000096e+00 1.457519999999999927e-01 2.003964334714127549e-01
0.000000000000000000e+00 1.990607000000000015e+00 -1.457519999999999927e-01 1.986963293677251330e-01
0.000000000000000000e+00 1.990607000000000015e+00 -1.281720000000000081e-01 2.115268332522713124e-01
0.000000000000000000e+00 1.990607000000000015e+00 -9.513299999999999534e-02 2.257623213990961331e-01
0.000000000000000000e+00 1.990607000000000015e+00 -5.061899999999999733e-02 2.039068840223220713e-01
0.000000000000000000e+00 1.990607000000000015e+00 0.000000000000000000e+00 2.003797843267875189e-01
0.000000000000000000e+00 1.990607000000000015e+00 5.061899999999999733e-02 2.073454433594219548e-01
0.000000000000000000e+00 1.990607000000000015e+00 9.513299999999999534e-02 2.244395781326838923e-01
0.000000000000000000e+00 1.990607000000000015e+00 1.281720000000000081e-01 2.036242321080934392e-01
0.000000000000000000e+00 1.990607000000000015e+00 1.457519999999999927e-01 1.966208478002907933e-01
