# ['# x', 'y', 'z', 'rmsCpNN']
1.102341255821000034e-07 7.448299999999999366e-02 -1.457519522138999990e-01 1.672837065110901467e-01
3.091951711976000234e-07 7.448299999999999366e-02 -1.281716629966999921e-01 1.609468949492278145e-01
1.364202199281000093e-07 7.448299999999999366e-02 -9.513219857957999626e-02 1.653052804793605501e-01
-3.436961047962000014e-07 7.448299999999999366e-02 -5.061888128274000254e-02 1.643565877447666912e-01
2.451013287930999946e-08 7.448299999999999366e-02 -6.734103663373999809e-08 1.629296910551575328e-01
3.927163705548000156e-07 7.448299999999999366e-02 5.061874660066000009e-02 1.596053498923420411e-01
-8.739995416949000268e-08 7.448299999999999366e-02 9.513206389750999969e-02 1.528717837671003110e-01
-2.601749054390000091e-07 7.448299999999999366e-02 1.281715283145999917e-01 1.484378342375122783e-01
-6.121385983299000073e-08 7.448299999999999366e-02 1.457518175317999987e-01 1.844601567885934545e-01
1.102341255821000034e-07 2.230330000000000090e-01 -1.457519522138999990e-01 1.762618295612145836e-01
3.091951711976000234e-07 2.230330000000000090e-01 -1.281716629966999921e-01 1.765042678965260403e-01
1.364202199281000093e-07 2.230330000000000090e-01 -9.513219857957999626e-02 1.772356420235164653e-01
-3.436961047962000014e-07 2.230330000000000090e-01 -5.061888128274000254e-02 1.731408951801537421e-01
2.451013287930999946e-08 2.230330000000000090e-01 -6.734103663373999809e-08 1.681671149651275399e-01
3.927163705548000156e-07 2.230330000000000090e-01 5.061874660066000009e-02 1.624452497410604213e-01
-8.739995416949000268e-08 2.230330000000000090e-01 9.513206389750999969e-02 1.574926478984736700e-01
-2.601749054390000091e-07 2.230330000000000090e-01 1.281715283145999917e-01 1.482460696965887670e-01
-6.121385983299000073e-08 2.230330000000000090e-01 1.457518175317999987e-01 1.871315485661920186e-01
1.102341255821000034e-07 3.703359999999999985e-01 -1.457519522138999990e-01 1.855851124010509667e-01
3.091951711976000234e-07 3.703359999999999985e-01 -1.281716629966999921e-01 1.764006284896239840e-01
1.364202199281000093e-07 3.703359999999999985e-01 -9.513219857957999626e-02 1.840675177129525442e-01
-3.436961047962000014e-07 3.703359999999999985e-01 -5.061888128274000254e-02 1.802929744036711190e-01
2.451013287930999946e-08 3.703359999999999985e-01 -6.734103663373999809e-08 1.705284731285850175e-01
3.927163705548000156e-07 3.703359999999999985e-01 5.061874660066000009e-02 1.621001063979479462e-01
-8.739995416949000268e-08 3.703359999999999985e-01 9.513206389750999969e-02 1.575525709533293628e-01
-2.601749054390000091e-07 3.703359999999999985e-01 1.281715283145999917e-01 1.480833479034717182e-01
-6.121385983299000073e-08 3.703359999999999985e-01 1.457518175317999987e-01 1.845981459544080994e-01
1.102341255821000034e-07 5.155680000000000263e-01 -1.457519522138999990e-01 1.896610516182179740e-01
3.091951711976000234e-07 5.155680000000000263e-01 -1.281716629966999921e-01 1.824641932888307894e-01
1.364202199281000093e-07 5.155680000000000263e-01 -9.513219857957999626e-02 1.887772130305706841e-01
-3.436961047962000014e-07 5.155680000000000263e-01 -5.061888128274000254e-02 1.814073318228414389e-01
2.451013287930999946e-08 5.155680000000000263e-01 -6.734103663373999809e-08 1.741488618802250754e-01
3.927163705548000156e-07 5.155680000000000263e-01 5.061874660066000009e-02 1.672227488307623522e-01
-8.739995416949000268e-08 5.155680000000000263e-01 9.513206389750999969e-02 1.583527812852877081e-01
-2.601749054390000091e-07 5.155680000000000263e-01 1.281715283145999917e-01 1.471017765355179252e-01
-6.121385983299000073e-08 5.155680000000000263e-01 1.457518175317999987e-01 1.815830548374622599e-01
1.102341255821000034e-07 6.579159999999999453e-01 -1.457519522138999990e-01 1.937427317942402583e-01
3.091951711976000234e-07 6.579159999999999453e-01 -1.281716629966999921e-01 1.866433938151929872e-01
1.364202199281000093e-07 6.579159999999999453e-01 -9.513219857957999626e-02 1.885562235534294084e-01
-3.436961047962000014e-07 6.579159999999999453e-01 -5.061888128274000254e-02 1.835673342304100231e-01
2.451013287930999946e-08 6.579159999999999453e-01 -6.734103663373999809e-08 1.761785073350550512e-01
3.927163705548000156e-07 6.579159999999999453e-01 5.061874660066000009e-02 1.667212911183809931e-01
-8.739995416949000268e-08 6.579159999999999453e-01 9.513206389750999969e-02 1.588369895174176483e-01
-2.601749054390000091e-07 6.579159999999999453e-01 1.281715283145999917e-01 1.456960885652472393e-01
-6.121385983299000073e-08 6.579159999999999453e-01 1.457518175317999987e-01 1.775172748609195605e-01
1.102341255821000034e-07 7.965849999999999875e-01 -1.457519522138999990e-01 1.952403983583598235e-01
3.091951711976000234e-07 7.965849999999999875e-01 -1.281716629966999921e-01 1.937452349248883765e-01
1.364202199281000093e-07 7.965849999999999875e-01 -9.513219857957999626e-02 1.890290639490245228e-01
-3.436961047962000014e-07 7.965849999999999875e-01 -5.061888128274000254e-02 1.867677339416843885e-01
2.451013287930999946e-08 7.965849999999999875e-01 -6.734103663373999809e-08 1.756944255568749780e-01
3.927163705548000156e-07 7.965849999999999875e-01 5.061874660066000009e-02 1.686846349049767047e-01
-8.739995416949000268e-08 7.965849999999999875e-01 9.513206389750999969e-02 1.583137389910015125e-01
-2.601749054390000091e-07 7.965849999999999875e-01 1.281715283145999917e-01 1.465147925621790581e-01
-6.121385983299000073e-08 7.965849999999999875e-01 1.457518175317999987e-01 1.734877672281663619e-01
1.102341255821000034e-07 9.307990000000000430e-01 -1.457519522138999990e-01 1.994028421505943394e-01
3.091951711976000234e-07 9.307990000000000430e-01 -1.281716629966999921e-01 1.933308772068593473e-01
1.364202199281000093e-07 9.307990000000000430e-01 -9.513219857957999626e-02 1.935060492534153298e-01
-3.436961047962000014e-07 9.307990000000000430e-01 -5.061888128274000254e-02 1.885422815249344075e-01
2.451013287930999946e-08 9.307990000000000430e-01 -6.734103663373999809e-08 1.796524543173613764e-01
3.927163705548000156e-07 9.307990000000000430e-01 5.061874660066000009e-02 1.688493114815169949e-01
-8.739995416949000268e-08 9.307990000000000430e-01 9.513206389750999969e-02 1.589296287626028037e-01
-2.601749054390000091e-07 9.307990000000000430e-01 1.281715283145999917e-01 1.411283379848919661e-01
-6.121385983299000073e-08 9.307990000000000430e-01 1.457518175317999987e-01 1.657427647421338690e-01
1.102341255821000034e-07 1.059808000000000083e+00 -1.457519522138999990e-01 1.991180829536005614e-01
3.091951711976000234e-07 1.059808000000000083e+00 -1.281716629966999921e-01 1.927540451014649880e-01
1.364202199281000093e-07 1.059808000000000083e+00 -9.513219857957999626e-02 1.958991790657053922e-01
-3.436961047962000014e-07 1.059808000000000083e+00 -5.061888128274000254e-02 1.927299415063469801e-01
2.451013287930999946e-08 1.059808000000000083e+00 -6.734103663373999809e-08 1.802362361904460142e-01
3.927163705548000156e-07 1.059808000000000083e+00 5.061874660066000009e-02 1.691815584726009403e-01
-8.739995416949000268e-08 1.059808000000000083e+00 9.513206389750999969e-02 1.602150636480076384e-01
-2.601749054390000091e-07 1.059808000000000083e+00 1.281715283145999917e-01 1.395634914209494259e-01
-6.121385983299000073e-08 1.059808000000000083e+00 1.457518175317999987e-01 1.928839024606378849e-01
1.102341255821000034e-07 1.182889999999999997e+00 -1.457519522138999990e-01 2.016803103912294115e-01
3.091951711976000234e-07 1.182889999999999997e+00 -1.281716629966999921e-01 1.929581160041547450e-01
1.364202199281000093e-07 1.182889999999999997e+00 -9.513219857957999626e-02 1.971955765270659022e-01
-3.436961047962000014e-07 1.182889999999999997e+00 -5.061888128274000254e-02 1.931964543543228108e-01
2.451013287930999946e-08 1.182889999999999997e+00 -6.734103663373999809e-08 1.845377098956333117e-01
3.927163705548000156e-07 1.182889999999999997e+00 5.061874660066000009e-02 1.743104828426270958e-01
-8.739995416949000268e-08 1.182889999999999997e+00 9.513206389750999969e-02 1.640699726271552250e-01
-2.601749054390000091e-07 1.182889999999999997e+00 1.281715283145999917e-01 1.402742122457558693e-01
-6.121385983299000073e-08 1.182889999999999997e+00 1.457518175317999987e-01 1.634241903504328186e-01
1.102341255821000034e-07 1.299357000000000095e+00 -1.457519522138999990e-01 2.022479984873356285e-01
3.091951711976000234e-07 1.299357000000000095e+00 -1.281716629966999921e-01 1.953184977689604584e-01
1.364202199281000093e-07 1.299357000000000095e+00 -9.513219857957999626e-02 1.966690149307671609e-01
-3.436961047962000014e-07 1.299357000000000095e+00 -5.061888128274000254e-02 1.928307686006002497e-01
2.451013287930999946e-08 1.299357000000000095e+00 -6.734103663373999809e-08 1.827940668850214778e-01
3.927163705548000156e-07 1.299357000000000095e+00 5.061874660066000009e-02 1.710860306823057952e-01
-8.739995416949000268e-08 1.299357000000000095e+00 9.513206389750999969e-02 1.601246284067423531e-01
-2.601749054390000091e-07 1.299357000000000095e+00 1.281715283145999917e-01 1.366671278172317816e-01
-6.121385983299000073e-08 1.299357000000000095e+00 1.457518175317999987e-01 1.657497709560755705e-01
1.102341255821000034e-07 1.408557000000000059e+00 -1.457519522138999990e-01 2.104334072136911926e-01
3.091951711976000234e-07 1.408557000000000059e+00 -1.281716629966999921e-01 1.936407265863208660e-01
1.364202199281000093e-07 1.408557000000000059e+00 -9.513219857957999626e-02 1.974374281150418076e-01
-3.436961047962000014e-07 1.408557000000000059e+00 -5.061888128274000254e-02 1.966788915394728221e-01
2.451013287930999946e-08 1.408557000000000059e+00 -6.734103663373999809e-08 1.853840451837500958e-01
3.927163705548000156e-07 1.408557000000000059e+00 5.061874660066000009e-02 1.735033277513518823e-01
-8.739995416949000268e-08 1.408557000000000059e+00 9.513206389750999969e-02 1.626580255743013681e-01
-2.601749054390000091e-07 1.408557000000000059e+00 1.281715283145999917e-01 1.389533713947718740e-01
-6.121385983299000073e-08 1.408557000000000059e+00 1.457518175317999987e-01 1.665317855115662493e-01
1.102341255821000034e-07 1.509880000000000111e+00 -1.457519522138999990e-01 2.004296223258836274e-01
3.091951711976000234e-07 1.509880000000000111e+00 -1.281716629966999921e-01 1.902426467414290445e-01
1.364202199281000093e-07 1.509880000000000111e+00 -9.513219857957999626e-02 2.061236487482589197e-01
-3.436961047962000014e-07 1.509880000000000111e+00 -5.061888128274000254e-02 1.999015338099723316e-01
2.451013287930999946e-08 1.509880000000000111e+00 -6.734103663373999809e-08 1.883180311970236442e-01
3.927163705548000156e-07 1.509880000000000111e+00 5.061874660066000009e-02 1.781120060581007358e-01
-8.739995416949000268e-08 1.509880000000000111e+00 9.513206389750999969e-02 1.676912768634095940e-01
-2.601749054390000091e-07 1.509880000000000111e+00 1.281715283145999917e-01 1.432768221488853466e-01
-6.121385983299000073e-08 1.509880000000000111e+00 1.457518175317999987e-01 1.804029700782520951e-01
1.102341255821000034e-07 1.602759000000000045e+00 -1.457519522138999990e-01 2.019748796947019587e-01
3.091951711976000234e-07 1.602759000000000045e+00 -1.281716629966999921e-01 2.098269160024845148e-01
1.364202199281000093e-07 1.602759000000000045e+00 -9.513219857957999626e-02 2.127530572104258944e-01
-3.436961047962000014e-07 1.602759000000000045e+00 -5.061888128274000254e-02 2.051896480643766452e-01
2.451013287930999946e-08 1.602759000000000045e+00 -6.734103663373999809e-08 1.933485997328734940e-01
3.927163705548000156e-07 1.602759000000000045e+00 5.061874660066000009e-02 1.819056961322901567e-01
-8.739995416949000268e-08 1.602759000000000045e+00 9.513206389750999969e-02 1.705229973790138576e-01
-2.601749054390000091e-07 1.602759000000000045e+00 1.281715283145999917e-01 1.452297870985073680e-01
-6.121385983299000073e-08 1.602759000000000045e+00 1.457518175317999987e-01 1.525385295894609028e-01
1.102341255821000034e-07 1.686674999999999924e+00 -1.457519522138999990e-01 1.999007224226049539e-01
3.091951711976000234e-07 1.686674999999999924e+00 -1.281716629966999921e-01 1.965996922757522469e-01
1.364202199281000093e-07 1.686674999999999924e+00 -9.513219857957999626e-02 2.042930629330614312e-01
-3.436961047962000014e-07 1.686674999999999924e+00 -5.061888128274000254e-02 2.027836637488843186e-01
2.451013287930999946e-08 1.686674999999999924e+00 -6.734103663373999809e-08 1.920177471804123404e-01
3.927163705548000156e-07 1.686674999999999924e+00 5.061874660066000009e-02 1.813697987829658020e-01
-8.739995416949000268e-08 1.686674999999999924e+00 9.513206389750999969e-02 1.693939593916341524e-01
-2.601749054390000091e-07 1.686674999999999924e+00 1.281715283145999917e-01 1.461533590716310171e-01
-6.121385983299000073e-08 1.686674999999999924e+00 1.457518175317999987e-01 1.848839223785611330e-01
1.102341255821000034e-07 1.761158000000000001e+00 -1.457519522138999990e-01 1.999129244680592221e-01
3.091951711976000234e-07 1.761158000000000001e+00 -1.281716629966999921e-01 1.962737695395132265e-01
1.364202199281000093e-07 1.761158000000000001e+00 -9.513219857957999626e-02 2.065350192958993192e-01
-3.436961047962000014e-07 1.761158000000000001e+00 -5.061888128274000254e-02 2.025662133626571493e-01
2.451013287930999946e-08 1.761158000000000001e+00 -6.734103663373999809e-08 1.905705008376755438e-01
3.927163705548000156e-07 1.761158000000000001e+00 5.061874660066000009e-02 1.810956226652622181e-01
-8.739995416949000268e-08 1.761158000000000001e+00 9.513206389750999969e-02 1.691785619302285104e-01
-2.601749054390000091e-07 1.761158000000000001e+00 1.281715283145999917e-01 1.470418714887178624e-01
-6.121385983299000073e-08 1.761158000000000001e+00 1.457518175317999987e-01 2.082317677219920893e-01
1.102341255821000034e-07 1.825792000000000082e+00 -1.457519522138999990e-01 2.039751304678789068e-01
3.091951711976000234e-07 1.825792000000000082e+00 -1.281716629966999921e-01 2.064008333172157872e-01
1.364202199281000093e-07 1.825792000000000082e+00 -9.513219857957999626e-02 2.183113678439514704e-01
-3.436961047962000014e-07 1.825792000000000082e+00 -5.061888128274000254e-02 2.125195633863914135e-01
2.451013287930999946e-08 1.825792000000000082e+00 -6.734103663373999809e-08 1.966561857111742140e-01
3.927163705548000156e-07 1.825792000000000082e+00 5.061874660066000009e-02 1.890233993370256105e-01
-8.739995416949000268e-08 1.825792000000000082e+00 9.513206389750999969e-02 1.774258165539706888e-01
-2.601749054390000091e-07 1.825792000000000082e+00 1.281715283145999917e-01 1.515458287839983598e-01
-6.121385983299000073e-08 1.825792000000000082e+00 1.457518175317999987e-01 1.838906727133266250e-01
1.102341255821000034e-07 1.880216000000000109e+00 -1.457519522138999990e-01 2.009198885546381597e-01
3.091951711976000234e-07 1.880216000000000109e+00 -1.281716629966999921e-01 2.049203495080930415e-01
1.364202199281000093e-07 1.880216000000000109e+00 -9.513219857957999626e-02 2.125905138428098584e-01
-3.436961047962000014e-07 1.880216000000000109e+00 -5.061888128274000254e-02 2.167396255547362205e-01
2.451013287930999946e-08 1.880216000000000109e+00 -6.734103663373999809e-08 1.975056505582983291e-01
3.927163705548000156e-07 1.880216000000000109e+00 5.061874660066000009e-02 1.921816969877087611e-01
-8.739995416949000268e-08 1.880216000000000109e+00 9.513206389750999969e-02 1.805796389435063432e-01
-2.601749054390000091e-07 1.880216000000000109e+00 1.281715283145999917e-01 1.537520768138771476e-01
-6.121385983299000073e-08 1.880216000000000109e+00 1.457518175317999987e-01 1.788371996709430534e-01
1.102341255821000034e-07 1.924123999999999945e+00 -1.457519522138999990e-01 2.080265779801311610e-01
3.091951711976000234e-07 1.924123999999999945e+00 -1.281716629966999921e-01 2.049508053100377869e-01
1.364202199281000093e-07 1.924123999999999945e+00 -9.513219857957999626e-02 2.174852935534892506e-01
-3.436961047962000014e-07 1.924123999999999945e+00 -5.061888128274000254e-02 2.241972697206033316e-01
2.451013287930999946e-08 1.924123999999999945e+00 -6.734103663373999809e-08 1.994737106273921368e-01
3.927163705548000156e-07 1.924123999999999945e+00 5.061874660066000009e-02 2.033626646504225755e-01
-8.739995416949000268e-08 1.924123999999999945e+00 9.513206389750999969e-02 1.901100870307057267e-01
-2.601749054390000091e-07 1.924123999999999945e+00 1.281715283145999917e-01 1.604942543881192618e-01
-6.121385983299000073e-08 1.924123999999999945e+00 1.457518175317999987e-01 1.611391531998732640e-01
1.102341255821000034e-07 1.957271999999999901e+00 -1.457519522138999990e-01 1.955689908714310921e-01
3.091951711976000234e-07 1.957271999999999901e+00 -1.281716629966999921e-01 2.010777311639982412e-01
1.364202199281000093e-07 1.957271999999999901e+00 -9.513219857957999626e-02 2.179592246724938454e-01
-3.436961047962000014e-07 1.957271999999999901e+00 -5.061888128274000254e-02 2.190214437764142763e-01
2.451013287930999946e-08 1.957271999999999901e+00 -6.734103663373999809e-08 2.044942431006141204e-01
3.927163705548000156e-07 1.957271999999999901e+00 5.061874660066000009e-02 1.966182312584226211e-01
-8.739995416949000268e-08 1.957271999999999901e+00 9.513206389750999969e-02 2.052159134130050744e-01
-2.601749054390000091e-07 1.957271999999999901e+00 1.281715283145999917e-01 1.798953955023817330e-01
-6.121385983299000073e-08 1.957271999999999901e+00 1.457518175317999987e-01 1.725919085217029469e-01
1.102341255821000034e-07 1.979475000000000096e+00 -1.457519522138999990e-01 1.910182641684768368e-01
3.091951711976000234e-07 1.979475000000000096e+00 -1.281716629966999921e-01 1.882228527207576163e-01
1.364202199281000093e-07 1.979475000000000096e+00 -9.513219857957999626e-02 2.083524552995770496e-01
-3.436961047962000014e-07 1.979475000000000096e+00 -5.061888128274000254e-02 1.949045867337127202e-01
2.451013287930999946e-08 1.979475000000000096e+00 -6.734103663373999809e-08 1.937552581095778048e-01
3.927163705548000156e-07 1.979475000000000096e+00 5.061874660066000009e-02 1.718386925424192357e-01
-8.739995416949000268e-08 1.979475000000000096e+00 9.513206389750999969e-02 1.769832227811051206e-01
-2.601749054390000091e-07 1.979475000000000096e+00 1.281715283145999917e-01 1.801235428878659173e-01
-6.121385983299000073e-08 1.979475000000000096e+00 1.457518175317999987e-01 1.862891972735717383e-01
1.102341255821000034e-07 1.990607000000000015e+00 -1.457519522138999990e-01 1.877345272204268001e-01
3.091951711976000234e-07 1.990607000000000015e+00 -1.281716629966999921e-01 1.963062713436707907e-01
1.364202199281000093e-07 1.990607000000000015e+00 -9.513219857957999626e-02 2.074932760465749704e-01
-3.436961047962000014e-07 1.990607000000000015e+00 -5.061888128274000254e-02 2.038013141805317119e-01
2.451013287930999946e-08 1.990607000000000015e+00 -6.734103663373999809e-08 1.990390008971490710e-01
3.927163705548000156e-07 1.990607000000000015e+00 5.061874660066000009e-02 1.694654359961020873e-01
-8.739995416949000268e-08 1.990607000000000015e+00 9.513206389750999969e-02 1.717240618965764076e-01
-2.601749054390000091e-07 1.990607000000000015e+00 1.281715283145999917e-01 1.748974010167806958e-01
-6.121385983299000073e-08 1.990607000000000015e+00 1.457518175317999987e-01 1.571938667044520954e-01
