# ['# x', 'y', 'z', 'rmsCpNN']
7.381647521316000646e-03 7.448299999999999366e-02 -1.500000152340000004e-01 -4.795257708627127524e-01
1.838586961938000128e-02 7.448299999999999366e-02 -1.500001434622999785e-01 -4.062520681096206676e-01
4.014835040451000120e-02 7.448299999999999366e-02 -1.500004210437999863e-01 -3.743608075606311147e-01
7.218349318170000362e-02 7.448299999999999366e-02 -1.499999261258999905e-01 -3.652080372227597960e-01
1.137757282259999891e-01 7.448299999999999366e-02 -1.500000618287999909e-01 -3.589887308141582745e-01
1.639950390619999976e-01 7.448299999999999366e-02 -1.499996639397999931e-01 -3.580272785407527247e-01
2.217195150225999833e-01 7.448299999999999366e-02 -1.499999387358000036e-01 -3.593642169298291167e-01
2.856611717572000164e-01 7.448299999999999366e-02 -1.499997405514000015e-01 -3.555402010817127478e-01
3.543912358411999697e-01 7.448299999999999366e-02 -1.499997775503000008e-01 -3.571049729773195236e-01
4.263730274622999916e-01 7.448299999999999366e-02 -1.499996572427000074e-01 -3.552673213176333888e-01
4.999999052838000058e-01 7.448299999999999366e-02 -1.500001640532000191e-01 -3.573306342337029262e-01
5.736272831053000898e-01 7.448299999999999366e-02 -1.499998048382999993e-01 -3.606818525227756256e-01
6.456090747264999763e-01 7.448299999999999366e-02 -1.499996845307000060e-01 -3.654633852083634671e-01
7.143386388105000817e-01 7.448299999999999366e-02 -1.500005875550000090e-01 -3.708621528562588421e-01
7.782802955450999205e-01 7.448299999999999366e-02 -1.500003893706000069e-01 -3.774128457764943101e-01
8.360052715056999206e-01 7.448299999999999366e-02 -1.499997981412000136e-01 -3.864789298206876000e-01
8.862245823416998736e-01 7.448299999999999366e-02 -1.499994002522000158e-01 -3.969925045752982773e-01
9.278163173860000112e-01 7.448299999999999366e-02 -1.500004019804999922e-01 -4.112084979661333461e-01
9.598514601631998877e-01 7.448299999999999366e-02 -1.499999070627000275e-01 -4.275184575346047122e-01
9.816139409483000122e-01 7.448299999999999366e-02 -1.500001846441000042e-01 -4.615178777300272261e-01
9.926186630463998961e-01 7.448299999999999366e-02 -1.499994468471000097e-01 -6.026279621900865191e-01
7.381647521316000646e-03 2.230330000000000090e-01 -1.500000152340000004e-01 -6.204569667794501697e-01
1.838586961938000128e-02 2.230330000000000090e-01 -1.500001434622999785e-01 -4.373923772983207559e-01
4.014835040451000120e-02 2.230330000000000090e-01 -1.500004210437999863e-01 -3.043200476825553280e-01
7.218349318170000362e-02 2.230330000000000090e-01 -1.499999261258999905e-01 -3.067231387008392263e-01
1.137757282259999891e-01 2.230330000000000090e-01 -1.500000618287999909e-01 -3.024175632373373723e-01
1.639950390619999976e-01 2.230330000000000090e-01 -1.499996639397999931e-01 -3.085683869329675644e-01
2.217195150225999833e-01 2.230330000000000090e-01 -1.499999387358000036e-01 -3.102259664346665446e-01
2.856611717572000164e-01 2.230330000000000090e-01 -1.499997405514000015e-01 -3.104548509389679078e-01
3.543912358411999697e-01 2.230330000000000090e-01 -1.499997775503000008e-01 -3.137644084784921295e-01
4.263730274622999916e-01 2.230330000000000090e-01 -1.499996572427000074e-01 -3.170152683230008650e-01
4.999999052838000058e-01 2.230330000000000090e-01 -1.500001640532000191e-01 -3.200706848996487941e-01
5.736272831053000898e-01 2.230330000000000090e-01 -1.499998048382999993e-01 -3.299910988224175057e-01
6.456090747264999763e-01 2.230330000000000090e-01 -1.499996845307000060e-01 -3.341753147590451611e-01
7.143386388105000817e-01 2.230330000000000090e-01 -1.500005875550000090e-01 -3.430385456813277445e-01
7.782802955450999205e-01 2.230330000000000090e-01 -1.500003893706000069e-01 -3.497351138849514873e-01
8.360052715056999206e-01 2.230330000000000090e-01 -1.499997981412000136e-01 -3.573401955946502451e-01
8.862245823416998736e-01 2.230330000000000090e-01 -1.499994002522000158e-01 -3.617133269380557459e-01
9.278163173860000112e-01 2.230330000000000090e-01 -1.500004019804999922e-01 -3.818391187169699053e-01
9.598514601631998877e-01 2.230330000000000090e-01 -1.499999070627000275e-01 -4.106393755379763033e-01
9.816139409483000122e-01 2.230330000000000090e-01 -1.500001846441000042e-01 -4.537345347680617480e-01
9.926186630463998961e-01 2.230330000000000090e-01 -1.499994468471000097e-01 -6.695133719137236206e-01
7.381647521316000646e-03 3.703359999999999985e-01 -1.500000152340000004e-01 -6.966382190434831090e-01
1.838586961938000128e-02 3.703359999999999985e-01 -1.500001434622999785e-01 -4.866206003611973085e-01
4.014835040451000120e-02 3.703359999999999985e-01 -1.500004210437999863e-01 -2.701283250356559806e-01
7.218349318170000362e-02 3.703359999999999985e-01 -1.499999261258999905e-01 -2.671631086466950689e-01
1.137757282259999891e-01 3.703359999999999985e-01 -1.500000618287999909e-01 -2.616530596039754464e-01
1.639950390619999976e-01 3.703359999999999985e-01 -1.499996639397999931e-01 -2.689048301946490582e-01
2.217195150225999833e-01 3.703359999999999985e-01 -1.499999387358000036e-01 -2.664660709165228569e-01
2.856611717572000164e-01 3.703359999999999985e-01 -1.499997405514000015e-01 -2.678813916627161285e-01
3.543912358411999697e-01 3.703359999999999985e-01 -1.499997775503000008e-01 -2.793105280622633635e-01
4.263730274622999916e-01 3.703359999999999985e-01 -1.499996572427000074e-01 -2.832649909756808082e-01
4.999999052838000058e-01 3.703359999999999985e-01 -1.500001640532000191e-01 -2.877418498611743480e-01
5.736272831053000898e-01 3.703359999999999985e-01 -1.499998048382999993e-01 -2.941302056964209544e-01
6.456090747264999763e-01 3.703359999999999985e-01 -1.499996845307000060e-01 -2.999693696894456529e-01
7.143386388105000817e-01 3.703359999999999985e-01 -1.500005875550000090e-01 -3.044732246285439814e-01
7.782802955450999205e-01 3.703359999999999985e-01 -1.500003893706000069e-01 -3.115668869443629641e-01
8.360052715056999206e-01 3.703359999999999985e-01 -1.499997981412000136e-01 -3.191380769331596534e-01
8.862245823416998736e-01 3.703359999999999985e-01 -1.499994002522000158e-01 -3.233057061788744968e-01
9.278163173860000112e-01 3.703359999999999985e-01 -1.500004019804999922e-01 -3.487064907802899794e-01
9.598514601631998877e-01 3.703359999999999985e-01 -1.499999070627000275e-01 -3.908494947764855620e-01
9.816139409483000122e-01 3.703359999999999985e-01 -1.500001846441000042e-01 -4.594466718414620954e-01
9.926186630463998961e-01 3.703359999999999985e-01 -1.499994468471000097e-01 -7.294938065732599064e-01
7.381647521316000646e-03 5.155680000000000263e-01 -1.500000152340000004e-01 -7.316589538054296682e-01
1.838586961938000128e-02 5.155680000000000263e-01 -1.500001434622999785e-01 -5.502478022838631633e-01
4.014835040451000120e-02 5.155680000000000263e-01 -1.500004210437999863e-01 -2.633971760237972526e-01
7.218349318170000362e-02 5.155680000000000263e-01 -1.499999261258999905e-01 -2.425647165772200353e-01
1.137757282259999891e-01 5.155680000000000263e-01 -1.500000618287999909e-01 -2.430157373778872587e-01
1.639950390619999976e-01 5.155680000000000263e-01 -1.499996639397999931e-01 -2.429642488765582642e-01
2.217195150225999833e-01 5.155680000000000263e-01 -1.499999387358000036e-01 -2.403070451098297255e-01
2.856611717572000164e-01 5.155680000000000263e-01 -1.499997405514000015e-01 -2.402034253874273106e-01
3.543912358411999697e-01 5.155680000000000263e-01 -1.499997775503000008e-01 -2.430258902240625130e-01
4.263730274622999916e-01 5.155680000000000263e-01 -1.499996572427000074e-01 -2.433044121431511275e-01
4.999999052838000058e-01 5.155680000000000263e-01 -1.500001640532000191e-01 -2.525358248615034440e-01
5.736272831053000898e-01 5.155680000000000263e-01 -1.499998048382999993e-01 -2.581739917982974752e-01
6.456090747264999763e-01 5.155680000000000263e-01 -1.499996845307000060e-01 -2.657618287463817119e-01
7.143386388105000817e-01 5.155680000000000263e-01 -1.500005875550000090e-01 -2.700952992807504893e-01
7.782802955450999205e-01 5.155680000000000263e-01 -1.500003893706000069e-01 -2.802747107600150334e-01
8.360052715056999206e-01 5.155680000000000263e-01 -1.499997981412000136e-01 -2.952345315282731697e-01
8.862245823416998736e-01 5.155680000000000263e-01 -1.499994002522000158e-01 -3.063513307391539375e-01
9.278163173860000112e-01 5.155680000000000263e-01 -1.500004019804999922e-01 -3.382929661939745869e-01
9.598514601631998877e-01 5.155680000000000263e-01 -1.499999070627000275e-01 -3.938595387429264516e-01
9.816139409483000122e-01 5.155680000000000263e-01 -1.500001846441000042e-01 -4.984706836064963231e-01
9.926186630463998961e-01 5.155680000000000263e-01 -1.499994468471000097e-01 -7.758133505358786319e-01
7.381647521316000646e-03 6.579159999999999453e-01 -1.500000152340000004e-01 -7.339990665871638509e-01
1.838586961938000128e-02 6.579159999999999453e-01 -1.500001434622999785e-01 -5.970244751467168598e-01
4.014835040451000120e-02 6.579159999999999453e-01 -1.500004210437999863e-01 -2.624269459619985034e-01
7.218349318170000362e-02 6.579159999999999453e-01 -1.499999261258999905e-01 -2.397633778787405245e-01
1.137757282259999891e-01 6.579159999999999453e-01 -1.500000618287999909e-01 -2.410671165095752133e-01
1.639950390619999976e-01 6.579159999999999453e-01 -1.499996639397999931e-01 -2.410708584030444024e-01
2.217195150225999833e-01 6.579159999999999453e-01 -1.499999387358000036e-01 -2.364527839552672261e-01
2.856611717572000164e-01 6.579159999999999453e-01 -1.499997405514000015e-01 -2.309280431431632308e-01
3.543912358411999697e-01 6.579159999999999453e-01 -1.499997775503000008e-01 -2.265800700897118714e-01
4.263730274622999916e-01 6.579159999999999453e-01 -1.499996572427000074e-01 -2.343336831279860533e-01
4.999999052838000058e-01 6.579159999999999453e-01 -1.500001640532000191e-01 -2.357318153670525107e-01
5.736272831053000898e-01 6.579159999999999453e-01 -1.499998048382999993e-01 -2.418575748231976408e-01
6.456090747264999763e-01 6.579159999999999453e-01 -1.499996845307000060e-01 -2.502332336783000266e-01
7.143386388105000817e-01 6.579159999999999453e-01 -1.500005875550000090e-01 -2.590618434988969931e-01
7.782802955450999205e-01 6.579159999999999453e-01 -1.500003893706000069e-01 -2.732227206275961162e-01
8.360052715056999206e-01 6.579159999999999453e-01 -1.499997981412000136e-01 -2.855355410701415630e-01
8.862245823416998736e-01 6.579159999999999453e-01 -1.499994002522000158e-01 -2.968470247134258888e-01
9.278163173860000112e-01 6.579159999999999453e-01 -1.500004019804999922e-01 -3.266071488345422824e-01
9.598514601631998877e-01 6.579159999999999453e-01 -1.499999070627000275e-01 -3.798873374892647869e-01
9.816139409483000122e-01 6.579159999999999453e-01 -1.500001846441000042e-01 -5.378472715925237679e-01
9.926186630463998961e-01 6.579159999999999453e-01 -1.499994468471000097e-01 -7.960907289014322874e-01
7.381647521316000646e-03 7.965849999999999875e-01 -1.500000152340000004e-01 -7.464857522192029915e-01
1.838586961938000128e-02 7.965849999999999875e-01 -1.500001434622999785e-01 -6.026248001586747005e-01
4.014835040451000120e-02 7.965849999999999875e-01 -1.500004210437999863e-01 -2.565692061440383864e-01
7.218349318170000362e-02 7.965849999999999875e-01 -1.499999261258999905e-01 -2.250003579308686996e-01
1.137757282259999891e-01 7.965849999999999875e-01 -1.500000618287999909e-01 -2.184502891206724640e-01
1.639950390619999976e-01 7.965849999999999875e-01 -1.499996639397999931e-01 -2.188618532561086849e-01
2.217195150225999833e-01 7.965849999999999875e-01 -1.499999387358000036e-01 -2.194481947381787812e-01
2.856611717572000164e-01 7.965849999999999875e-01 -1.499997405514000015e-01 -2.223939876676871708e-01
3.543912358411999697e-01 7.965849999999999875e-01 -1.499997775503000008e-01 -2.264943785569437373e-01
4.263730274622999916e-01 7.965849999999999875e-01 -1.499996572427000074e-01 -2.284698675248974797e-01
4.999999052838000058e-01 7.965849999999999875e-01 -1.500001640532000191e-01 -2.356700813634305947e-01
5.736272831053000898e-01 7.965849999999999875e-01 -1.499998048382999993e-01 -2.412845780203764501e-01
6.456090747264999763e-01 7.965849999999999875e-01 -1.499996845307000060e-01 -2.491020493225204746e-01
7.143386388105000817e-01 7.965849999999999875e-01 -1.500005875550000090e-01 -2.531086344608298178e-01
7.782802955450999205e-01 7.965849999999999875e-01 -1.500003893706000069e-01 -2.640246885834996449e-01
8.360052715056999206e-01 7.965849999999999875e-01 -1.499997981412000136e-01 -2.740648540199365768e-01
8.862245823416998736e-01 7.965849999999999875e-01 -1.499994002522000158e-01 -2.874832789775551567e-01
9.278163173860000112e-01 7.965849999999999875e-01 -1.500004019804999922e-01 -3.228534619575795794e-01
9.598514601631998877e-01 7.965849999999999875e-01 -1.499999070627000275e-01 -3.796895080454996685e-01
9.816139409483000122e-01 7.965849999999999875e-01 -1.500001846441000042e-01 -4.923771629400529593e-01
9.926186630463998961e-01 7.965849999999999875e-01 -1.499994468471000097e-01 -8.029248355940687976e-01
7.381647521316000646e-03 9.307990000000000430e-01 -1.500000152340000004e-01 -7.288091581503425287e-01
1.838586961938000128e-02 9.307990000000000430e-01 -1.500001434622999785e-01 -6.022135049260959327e-01
4.014835040451000120e-02 9.307990000000000430e-01 -1.500004210437999863e-01 -2.616705034496483173e-01
7.218349318170000362e-02 9.307990000000000430e-01 -1.499999261258999905e-01 -2.184765940947526741e-01
1.137757282259999891e-01 9.307990000000000430e-01 -1.500000618287999909e-01 -1.996031135668310807e-01
1.639950390619999976e-01 9.307990000000000430e-01 -1.499996639397999931e-01 -2.028587337000965496e-01
2.217195150225999833e-01 9.307990000000000430e-01 -1.499999387358000036e-01 -2.077561934149440848e-01
2.856611717572000164e-01 9.307990000000000430e-01 -1.499997405514000015e-01 -2.081385315647477086e-01
3.543912358411999697e-01 9.307990000000000430e-01 -1.499997775503000008e-01 -2.142461782483748300e-01
4.263730274622999916e-01 9.307990000000000430e-01 -1.499996572427000074e-01 -2.164450879198197564e-01
4.999999052838000058e-01 9.307990000000000430e-01 -1.500001640532000191e-01 -2.212649666439718277e-01
5.736272831053000898e-01 9.307990000000000430e-01 -1.499998048382999993e-01 -2.276526289531311809e-01
6.456090747264999763e-01 9.307990000000000430e-01 -1.499996845307000060e-01 -2.365086477060928116e-01
7.143386388105000817e-01 9.307990000000000430e-01 -1.500005875550000090e-01 -2.437949589744295986e-01
7.782802955450999205e-01 9.307990000000000430e-01 -1.500003893706000069e-01 -2.530281642225999938e-01
8.360052715056999206e-01 9.307990000000000430e-01 -1.499997981412000136e-01 -2.621988113255207531e-01
8.862245823416998736e-01 9.307990000000000430e-01 -1.499994002522000158e-01 -2.742048475683463993e-01
9.278163173860000112e-01 9.307990000000000430e-01 -1.500004019804999922e-01 -3.066509545846952123e-01
9.598514601631998877e-01 9.307990000000000430e-01 -1.499999070627000275e-01 -3.684606295113498908e-01
9.816139409483000122e-01 9.307990000000000430e-01 -1.500001846441000042e-01 -4.677992131512950236e-01
9.926186630463998961e-01 9.307990000000000430e-01 -1.499994468471000097e-01 -8.297444514000891225e-01
7.381647521316000646e-03 1.059808000000000083e+00 -1.500000152340000004e-01 -7.294469927228615092e-01
1.838586961938000128e-02 1.059808000000000083e+00 -1.500001434622999785e-01 -6.024452538313432859e-01
4.014835040451000120e-02 1.059808000000000083e+00 -1.500004210437999863e-01 -2.592779874894154402e-01
7.218349318170000362e-02 1.059808000000000083e+00 -1.499999261258999905e-01 -2.008671528767041747e-01
1.137757282259999891e-01 1.059808000000000083e+00 -1.500000618287999909e-01 -1.968775501232945535e-01
1.639950390619999976e-01 1.059808000000000083e+00 -1.499996639397999931e-01 -1.949398865348884735e-01
2.217195150225999833e-01 1.059808000000000083e+00 -1.499999387358000036e-01 -1.932605977002708197e-01
2.856611717572000164e-01 1.059808000000000083e+00 -1.499997405514000015e-01 -2.012421128861566488e-01
3.543912358411999697e-01 1.059808000000000083e+00 -1.499997775503000008e-01 -2.049968607925801434e-01
4.263730274622999916e-01 1.059808000000000083e+00 -1.499996572427000074e-01 -2.046874099260146407e-01
4.999999052838000058e-01 1.059808000000000083e+00 -1.500001640532000191e-01 -2.074642319132987689e-01
5.736272831053000898e-01 1.059808000000000083e+00 -1.499998048382999993e-01 -2.186975254626816190e-01
6.456090747264999763e-01 1.059808000000000083e+00 -1.499996845307000060e-01 -2.277968169712015767e-01
7.143386388105000817e-01 1.059808000000000083e+00 -1.500005875550000090e-01 -2.365114719817953404e-01
7.782802955450999205e-01 1.059808000000000083e+00 -1.500003893706000069e-01 -2.494887676186414993e-01
8.360052715056999206e-01 1.059808000000000083e+00 -1.499997981412000136e-01 -2.595181109864606595e-01
8.862245823416998736e-01 1.059808000000000083e+00 -1.499994002522000158e-01 -2.691651786634917110e-01
9.278163173860000112e-01 1.059808000000000083e+00 -1.500004019804999922e-01 -3.097575742495571882e-01
9.598514601631998877e-01 1.059808000000000083e+00 -1.499999070627000275e-01 -3.738540044066524515e-01
9.816139409483000122e-01 1.059808000000000083e+00 -1.500001846441000042e-01 -5.596881265430427854e-01
9.926186630463998961e-01 1.059808000000000083e+00 -1.499994468471000097e-01 -8.250579480975338553e-01
7.381647521316000646e-03 1.182889999999999997e+00 -1.500000152340000004e-01 -7.143485656993514565e-01
1.838586961938000128e-02 1.182889999999999997e+00 -1.500001434622999785e-01 -5.918307093768789828e-01
4.014835040451000120e-02 1.182889999999999997e+00 -1.500004210437999863e-01 -2.522770659303861795e-01
7.218349318170000362e-02 1.182889999999999997e+00 -1.499999261258999905e-01 -2.076575807325317657e-01
1.137757282259999891e-01 1.182889999999999997e+00 -1.500000618287999909e-01 -1.908003730797740716e-01
1.639950390619999976e-01 1.182889999999999997e+00 -1.499996639397999931e-01 -1.828629327323213205e-01
2.217195150225999833e-01 1.182889999999999997e+00 -1.499999387358000036e-01 -1.845240553953811646e-01
2.856611717572000164e-01 1.182889999999999997e+00 -1.499997405514000015e-01 -1.895085451580077185e-01
3.543912358411999697e-01 1.182889999999999997e+00 -1.499997775503000008e-01 -1.934267605336963403e-01
4.263730274622999916e-01 1.182889999999999997e+00 -1.499996572427000074e-01 -1.930041788907497780e-01
4.999999052838000058e-01 1.182889999999999997e+00 -1.500001640532000191e-01 -1.958553342077617720e-01
5.736272831053000898e-01 1.182889999999999997e+00 -1.499998048382999993e-01 -2.016870529786095600e-01
6.456090747264999763e-01 1.182889999999999997e+00 -1.499996845307000060e-01 -2.111629073882468899e-01
7.143386388105000817e-01 1.182889999999999997e+00 -1.500005875550000090e-01 -2.177967563119408700e-01
7.782802955450999205e-01 1.182889999999999997e+00 -1.500003893706000069e-01 -2.333452001954454680e-01
8.360052715056999206e-01 1.182889999999999997e+00 -1.499997981412000136e-01 -2.487871754042596251e-01
8.862245823416998736e-01 1.182889999999999997e+00 -1.499994002522000158e-01 -2.601755126123573292e-01
9.278163173860000112e-01 1.182889999999999997e+00 -1.500004019804999922e-01 -3.040551375531148071e-01
9.598514601631998877e-01 1.182889999999999997e+00 -1.499999070627000275e-01 -3.854413653173142662e-01
9.816139409483000122e-01 1.182889999999999997e+00 -1.500001846441000042e-01 -4.621113282612077655e-01
9.926186630463998961e-01 1.182889999999999997e+00 -1.499994468471000097e-01 -8.095763552730388390e-01
7.381647521316000646e-03 1.299357000000000095e+00 -1.500000152340000004e-01 -7.190870582639077302e-01
1.838586961938000128e-02 1.299357000000000095e+00 -1.500001434622999785e-01 -6.032668011920298001e-01
4.014835040451000120e-02 1.299357000000000095e+00 -1.500004210437999863e-01 -2.727196364032372089e-01
7.218349318170000362e-02 1.299357000000000095e+00 -1.499999261258999905e-01 -2.052784348959119098e-01
1.137757282259999891e-01 1.299357000000000095e+00 -1.500000618287999909e-01 -1.860137079401156524e-01
1.639950390619999976e-01 1.299357000000000095e+00 -1.499996639397999931e-01 -1.792863615999437110e-01
2.217195150225999833e-01 1.299357000000000095e+00 -1.499999387358000036e-01 -1.781531248806165757e-01
2.856611717572000164e-01 1.299357000000000095e+00 -1.499997405514000015e-01 -1.740994257390140743e-01
3.543912358411999697e-01 1.299357000000000095e+00 -1.499997775503000008e-01 -1.791383705538241444e-01
4.263730274622999916e-01 1.299357000000000095e+00 -1.499996572427000074e-01 -1.849639902925068191e-01
4.999999052838000058e-01 1.299357000000000095e+00 -1.500001640532000191e-01 -1.918420190146492565e-01
5.736272831053000898e-01 1.299357000000000095e+00 -1.499998048382999993e-01 -1.958908409835729003e-01
6.456090747264999763e-01 1.299357000000000095e+00 -1.499996845307000060e-01 -1.981834222566413728e-01
7.143386388105000817e-01 1.299357000000000095e+00 -1.500005875550000090e-01 -2.065960315731776298e-01
7.782802955450999205e-01 1.299357000000000095e+00 -1.500003893706000069e-01 -2.243889618160193056e-01
8.360052715056999206e-01 1.299357000000000095e+00 -1.499997981412000136e-01 -2.442088184159015574e-01
8.862245823416998736e-01 1.299357000000000095e+00 -1.499994002522000158e-01 -2.625422823560347729e-01
9.278163173860000112e-01 1.299357000000000095e+00 -1.500004019804999922e-01 -3.064299548430145514e-01
9.598514601631998877e-01 1.299357000000000095e+00 -1.499999070627000275e-01 -3.810173050493354530e-01
9.816139409483000122e-01 1.299357000000000095e+00 -1.500001846441000042e-01 -5.024786423860631013e-01
9.926186630463998961e-01 1.299357000000000095e+00 -1.499994468471000097e-01 -8.008256123194325005e-01
7.381647521316000646e-03 1.408557000000000059e+00 -1.500000152340000004e-01 -7.062510123564054165e-01
1.838586961938000128e-02 1.408557000000000059e+00 -1.500001434622999785e-01 -6.030524865488976483e-01
4.014835040451000120e-02 1.408557000000000059e+00 -1.500004210437999863e-01 -2.711857346420433190e-01
7.218349318170000362e-02 1.408557000000000059e+00 -1.499999261258999905e-01 -2.023302145312630140e-01
1.137757282259999891e-01 1.408557000000000059e+00 -1.500000618287999909e-01 -1.751364366781236748e-01
1.639950390619999976e-01 1.408557000000000059e+00 -1.499996639397999931e-01 -1.668342730058391676e-01
2.217195150225999833e-01 1.408557000000000059e+00 -1.499999387358000036e-01 -1.681965168014938616e-01
2.856611717572000164e-01 1.408557000000000059e+00 -1.499997405514000015e-01 -1.707553799886481205e-01
3.543912358411999697e-01 1.408557000000000059e+00 -1.499997775503000008e-01 -1.766594466109942529e-01
4.263730274622999916e-01 1.408557000000000059e+00 -1.499996572427000074e-01 -1.779269412152262309e-01
4.999999052838000058e-01 1.408557000000000059e+00 -1.500001640532000191e-01 -1.842017310210501135e-01
5.736272831053000898e-01 1.408557000000000059e+00 -1.499998048382999993e-01 -1.867910386094345787e-01
6.456090747264999763e-01 1.408557000000000059e+00 -1.499996845307000060e-01 -1.943131258127246130e-01
7.143386388105000817e-01 1.408557000000000059e+00 -1.500005875550000090e-01 -2.055344807359296977e-01
7.782802955450999205e-01 1.408557000000000059e+00 -1.500003893706000069e-01 -2.221443553370122392e-01
8.360052715056999206e-01 1.408557000000000059e+00 -1.499997981412000136e-01 -2.362710517354994766e-01
8.862245823416998736e-01 1.408557000000000059e+00 -1.499994002522000158e-01 -2.588355261215744552e-01
9.278163173860000112e-01 1.408557000000000059e+00 -1.500004019804999922e-01 -3.025823103523587188e-01
9.598514601631998877e-01 1.408557000000000059e+00 -1.499999070627000275e-01 -3.797566460026357005e-01
9.816139409483000122e-01 1.408557000000000059e+00 -1.500001846441000042e-01 -5.157844179303249232e-01
9.926186630463998961e-01 1.408557000000000059e+00 -1.499994468471000097e-01 -8.527373304461547399e-01
7.381647521316000646e-03 1.509880000000000111e+00 -1.500000152340000004e-01 -7.107847531794736495e-01
1.838586961938000128e-02 1.509880000000000111e+00 -1.500001434622999785e-01 -6.174172053383907288e-01
4.014835040451000120e-02 1.509880000000000111e+00 -1.500004210437999863e-01 -2.784652864306021991e-01
7.218349318170000362e-02 1.509880000000000111e+00 -1.499999261258999905e-01 -1.892091733763741623e-01
1.137757282259999891e-01 1.509880000000000111e+00 -1.500000618287999909e-01 -1.689301686409360459e-01
1.639950390619999976e-01 1.509880000000000111e+00 -1.499996639397999931e-01 -1.608677466247377952e-01
2.217195150225999833e-01 1.509880000000000111e+00 -1.499999387358000036e-01 -1.615283444768810805e-01
2.856611717572000164e-01 1.509880000000000111e+00 -1.499997405514000015e-01 -1.662329434540012751e-01
3.543912358411999697e-01 1.509880000000000111e+00 -1.499997775503000008e-01 -1.683961617583188131e-01
4.263730274622999916e-01 1.509880000000000111e+00 -1.499996572427000074e-01 -1.727694079196250287e-01
4.999999052838000058e-01 1.509880000000000111e+00 -1.500001640532000191e-01 -1.766451650186231792e-01
5.736272831053000898e-01 1.509880000000000111e+00 -1.499998048382999993e-01 -1.817013723198731001e-01
6.456090747264999763e-01 1.509880000000000111e+00 -1.499996845307000060e-01 -1.847357966726924650e-01
7.143386388105000817e-01 1.509880000000000111e+00 -1.500005875550000090e-01 -1.915504555801952336e-01
7.782802955450999205e-01 1.509880000000000111e+00 -1.500003893706000069e-01 -2.096959738977065557e-01
8.360052715056999206e-01 1.509880000000000111e+00 -1.499997981412000136e-01 -2.222207240071618073e-01
8.862245823416998736e-01 1.509880000000000111e+00 -1.499994002522000158e-01 -2.393391111103031488e-01
9.278163173860000112e-01 1.509880000000000111e+00 -1.500004019804999922e-01 -2.904575031067821445e-01
9.598514601631998877e-01 1.509880000000000111e+00 -1.499999070627000275e-01 -3.859989287660232637e-01
9.816139409483000122e-01 1.509880000000000111e+00 -1.500001846441000042e-01 -5.462483403297815343e-01
9.926186630463998961e-01 1.509880000000000111e+00 -1.499994468471000097e-01 -8.289155469972844248e-01
7.381647521316000646e-03 1.602759000000000045e+00 -1.500000152340000004e-01 -7.117929662540669611e-01
1.838586961938000128e-02 1.602759000000000045e+00 -1.500001434622999785e-01 -6.090431564847020862e-01
4.014835040451000120e-02 1.602759000000000045e+00 -1.500004210437999863e-01 -2.695972717511505024e-01
7.218349318170000362e-02 1.602759000000000045e+00 -1.499999261258999905e-01 -1.899740942873511806e-01
1.137757282259999891e-01 1.602759000000000045e+00 -1.500000618287999909e-01 -1.703209000747962498e-01
1.639950390619999976e-01 1.602759000000000045e+00 -1.499996639397999931e-01 -1.532938406117796970e-01
2.217195150225999833e-01 1.602759000000000045e+00 -1.499999387358000036e-01 -1.544016581542187738e-01
2.856611717572000164e-01 1.602759000000000045e+00 -1.499997405514000015e-01 -1.571869295555924084e-01
3.543912358411999697e-01 1.602759000000000045e+00 -1.499997775503000008e-01 -1.606451420856460366e-01
4.263730274622999916e-01 1.602759000000000045e+00 -1.499996572427000074e-01 -1.608967622619478233e-01
4.999999052838000058e-01 1.602759000000000045e+00 -1.500001640532000191e-01 -1.663682222886534723e-01
5.736272831053000898e-01 1.602759000000000045e+00 -1.499998048382999993e-01 -1.717753814124776124e-01
6.456090747264999763e-01 1.602759000000000045e+00 -1.499996845307000060e-01 -1.808555215488659718e-01
7.143386388105000817e-01 1.602759000000000045e+00 -1.500005875550000090e-01 -1.908867695403227427e-01
7.782802955450999205e-01 1.602759000000000045e+00 -1.500003893706000069e-01 -2.090120891336019193e-01
8.360052715056999206e-01 1.602759000000000045e+00 -1.499997981412000136e-01 -2.302969653709090736e-01
8.862245823416998736e-01 1.602759000000000045e+00 -1.499994002522000158e-01 -2.491374446599608494e-01
9.278163173860000112e-01 1.602759000000000045e+00 -1.500004019804999922e-01 -3.004148071821953758e-01
9.598514601631998877e-01 1.602759000000000045e+00 -1.499999070627000275e-01 -3.801268193612177826e-01
9.816139409483000122e-01 1.602759000000000045e+00 -1.500001846441000042e-01 -5.127202989624668472e-01
9.926186630463998961e-01 1.602759000000000045e+00 -1.499994468471000097e-01 -7.973108523557838057e-01
7.381647521316000646e-03 1.686674999999999924e+00 -1.500000152340000004e-01 -7.034512116805196058e-01
1.838586961938000128e-02 1.686674999999999924e+00 -1.500001434622999785e-01 -6.120003401148452760e-01
4.014835040451000120e-02 1.686674999999999924e+00 -1.500004210437999863e-01 -3.326561093704970551e-01
7.218349318170000362e-02 1.686674999999999924e+00 -1.499999261258999905e-01 -1.837164672537368593e-01
1.137757282259999891e-01 1.686674999999999924e+00 -1.500000618287999909e-01 -1.633338943735935800e-01
1.639950390619999976e-01 1.686674999999999924e+00 -1.499996639397999931e-01 -1.572453000059575445e-01
2.217195150225999833e-01 1.686674999999999924e+00 -1.499999387358000036e-01 -1.549804593239831607e-01
2.856611717572000164e-01 1.686674999999999924e+00 -1.499997405514000015e-01 -1.572682013318055794e-01
3.543912358411999697e-01 1.686674999999999924e+00 -1.499997775503000008e-01 -1.585626491353734902e-01
4.263730274622999916e-01 1.686674999999999924e+00 -1.499996572427000074e-01 -1.598531170080289276e-01
4.999999052838000058e-01 1.686674999999999924e+00 -1.500001640532000191e-01 -1.626165851585819611e-01
5.736272831053000898e-01 1.686674999999999924e+00 -1.499998048382999993e-01 -1.735697340203387617e-01
6.456090747264999763e-01 1.686674999999999924e+00 -1.499996845307000060e-01 -1.804871186736970445e-01
7.143386388105000817e-01 1.686674999999999924e+00 -1.500005875550000090e-01 -1.852739949663676777e-01
7.782802955450999205e-01 1.686674999999999924e+00 -1.500003893706000069e-01 -2.021927373258521898e-01
8.360052715056999206e-01 1.686674999999999924e+00 -1.499997981412000136e-01 -2.208386504641300097e-01
8.862245823416998736e-01 1.686674999999999924e+00 -1.499994002522000158e-01 -2.439490985844464110e-01
9.278163173860000112e-01 1.686674999999999924e+00 -1.500004019804999922e-01 -3.104171407941593297e-01
9.598514601631998877e-01 1.686674999999999924e+00 -1.499999070627000275e-01 -3.917789106806500166e-01
9.816139409483000122e-01 1.686674999999999924e+00 -1.500001846441000042e-01 -5.781114018580582048e-01
9.926186630463998961e-01 1.686674999999999924e+00 -1.499994468471000097e-01 -8.093015514710815150e-01
7.381647521316000646e-03 1.761158000000000001e+00 -1.500000152340000004e-01 -7.017969565162808232e-01
1.838586961938000128e-02 1.761158000000000001e+00 -1.500001434622999785e-01 -6.144057254299546411e-01
4.014835040451000120e-02 1.761158000000000001e+00 -1.500004210437999863e-01 -3.395887380818273793e-01
7.218349318170000362e-02 1.761158000000000001e+00 -1.499999261258999905e-01 -1.954102343382331242e-01
1.137757282259999891e-01 1.761158000000000001e+00 -1.500000618287999909e-01 -1.803707493341037416e-01
1.639950390619999976e-01 1.761158000000000001e+00 -1.499996639397999931e-01 -1.632049544313689815e-01
2.217195150225999833e-01 1.761158000000000001e+00 -1.499999387358000036e-01 -1.622407867443085017e-01
2.856611717572000164e-01 1.761158000000000001e+00 -1.499997405514000015e-01 -1.662778304725843759e-01
3.543912358411999697e-01 1.761158000000000001e+00 -1.499997775503000008e-01 -1.669564401799290831e-01
4.263730274622999916e-01 1.761158000000000001e+00 -1.499996572427000074e-01 -1.729805550615983178e-01
4.999999052838000058e-01 1.761158000000000001e+00 -1.500001640532000191e-01 -1.743442816544061857e-01
5.736272831053000898e-01 1.761158000000000001e+00 -1.499998048382999993e-01 -1.837628347367337989e-01
6.456090747264999763e-01 1.761158000000000001e+00 -1.499996845307000060e-01 -1.872135325847732457e-01
7.143386388105000817e-01 1.761158000000000001e+00 -1.500005875550000090e-01 -1.905066017741724183e-01
7.782802955450999205e-01 1.761158000000000001e+00 -1.500003893706000069e-01 -2.061259231693683414e-01
8.360052715056999206e-01 1.761158000000000001e+00 -1.499997981412000136e-01 -2.267234896019007795e-01
8.862245823416998736e-01 1.761158000000000001e+00 -1.499994002522000158e-01 -2.444042576223610930e-01
9.278163173860000112e-01 1.761158000000000001e+00 -1.500004019804999922e-01 -2.998208124822238640e-01
9.598514601631998877e-01 1.761158000000000001e+00 -1.499999070627000275e-01 -3.827744748958928356e-01
9.816139409483000122e-01 1.761158000000000001e+00 -1.500001846441000042e-01 -5.807970295657104431e-01
9.926186630463998961e-01 1.761158000000000001e+00 -1.499994468471000097e-01 -8.018291198144615883e-01
7.381647521316000646e-03 1.825792000000000082e+00 -1.500000152340000004e-01 -6.936618794985791592e-01
1.838586961938000128e-02 1.825792000000000082e+00 -1.500001434622999785e-01 -5.826511757506322997e-01
4.014835040451000120e-02 1.825792000000000082e+00 -1.500004210437999863e-01 -2.680973085783827092e-01
7.218349318170000362e-02 1.825792000000000082e+00 -1.499999261258999905e-01 -2.042624153542440257e-01
1.137757282259999891e-01 1.825792000000000082e+00 -1.500000618287999909e-01 -1.964567474668249270e-01
1.639950390619999976e-01 1.825792000000000082e+00 -1.499996639397999931e-01 -1.750277089417393572e-01
2.217195150225999833e-01 1.825792000000000082e+00 -1.499999387358000036e-01 -1.746783374123122012e-01
2.856611717572000164e-01 1.825792000000000082e+00 -1.499997405514000015e-01 -1.820010012010066236e-01
3.543912358411999697e-01 1.825792000000000082e+00 -1.499997775503000008e-01 -1.842168598872788443e-01
4.263730274622999916e-01 1.825792000000000082e+00 -1.499996572427000074e-01 -1.929728915524507871e-01
4.999999052838000058e-01 1.825792000000000082e+00 -1.500001640532000191e-01 -1.997694565249386323e-01
5.736272831053000898e-01 1.825792000000000082e+00 -1.499998048382999993e-01 -2.037512818987251006e-01
6.456090747264999763e-01 1.825792000000000082e+00 -1.499996845307000060e-01 -2.068568428701766659e-01
7.143386388105000817e-01 1.825792000000000082e+00 -1.500005875550000090e-01 -2.087138829769559500e-01
7.782802955450999205e-01 1.825792000000000082e+00 -1.500003893706000069e-01 -2.184533636996300321e-01
8.360052715056999206e-01 1.825792000000000082e+00 -1.499997981412000136e-01 -2.319591459992948745e-01
8.862245823416998736e-01 1.825792000000000082e+00 -1.499994002522000158e-01 -2.550050788325519679e-01
9.278163173860000112e-01 1.825792000000000082e+00 -1.500004019804999922e-01 -3.076998430939866802e-01
9.598514601631998877e-01 1.825792000000000082e+00 -1.499999070627000275e-01 -4.010148601835536453e-01
9.816139409483000122e-01 1.825792000000000082e+00 -1.500001846441000042e-01 -5.641533663041782276e-01
9.926186630463998961e-01 1.825792000000000082e+00 -1.499994468471000097e-01 -7.856251615681347777e-01
7.381647521316000646e-03 1.880216000000000109e+00 -1.500000152340000004e-01 -6.938015876142481497e-01
1.838586961938000128e-02 1.880216000000000109e+00 -1.500001434622999785e-01 -5.957423897265429202e-01
4.014835040451000120e-02 1.880216000000000109e+00 -1.500004210437999863e-01 -3.499038125407751276e-01
7.218349318170000362e-02 1.880216000000000109e+00 -1.499999261258999905e-01 -2.297498876798989564e-01
1.137757282259999891e-01 1.880216000000000109e+00 -1.500000618287999909e-01 -2.115938237602399130e-01
1.639950390619999976e-01 1.880216000000000109e+00 -1.499996639397999931e-01 -2.050851484032396865e-01
2.217195150225999833e-01 1.880216000000000109e+00 -1.499999387358000036e-01 -2.014752954959027620e-01
2.856611717572000164e-01 1.880216000000000109e+00 -1.499997405514000015e-01 -2.130430399903875671e-01
3.543912358411999697e-01 1.880216000000000109e+00 -1.499997775503000008e-01 -2.141027272848028407e-01
4.263730274622999916e-01 1.880216000000000109e+00 -1.499996572427000074e-01 -2.218053145357263001e-01
4.999999052838000058e-01 1.880216000000000109e+00 -1.500001640532000191e-01 -2.259207382231559202e-01
5.736272831053000898e-01 1.880216000000000109e+00 -1.499998048382999993e-01 -2.309602036967336181e-01
6.456090747264999763e-01 1.880216000000000109e+00 -1.499996845307000060e-01 -2.346195779414501359e-01
7.143386388105000817e-01 1.880216000000000109e+00 -1.500005875550000090e-01 -2.388686426763811377e-01
7.782802955450999205e-01 1.880216000000000109e+00 -1.500003893706000069e-01 -2.466756175589301381e-01
8.360052715056999206e-01 1.880216000000000109e+00 -1.499997981412000136e-01 -2.578100676213945786e-01
8.862245823416998736e-01 1.880216000000000109e+00 -1.499994002522000158e-01 -2.861950366638545962e-01
9.278163173860000112e-01 1.880216000000000109e+00 -1.500004019804999922e-01 -3.287880159789935974e-01
9.598514601631998877e-01 1.880216000000000109e+00 -1.499999070627000275e-01 -4.014061060989051466e-01
9.816139409483000122e-01 1.880216000000000109e+00 -1.500001846441000042e-01 -5.417462922943064862e-01
9.926186630463998961e-01 1.880216000000000109e+00 -1.499994468471000097e-01 -7.883669368996164550e-01
7.381647521316000646e-03 1.924123999999999945e+00 -1.500000152340000004e-01 -6.886077790424353084e-01
1.838586961938000128e-02 1.924123999999999945e+00 -1.500001434622999785e-01 -5.875643462687217822e-01
4.014835040451000120e-02 1.924123999999999945e+00 -1.500004210437999863e-01 -3.916951176196919460e-01
7.218349318170000362e-02 1.924123999999999945e+00 -1.499999261258999905e-01 -2.784896638117540513e-01
1.137757282259999891e-01 1.924123999999999945e+00 -1.500000618287999909e-01 -2.779776139134748636e-01
1.639950390619999976e-01 1.924123999999999945e+00 -1.499996639397999931e-01 -2.749936923037944458e-01
2.217195150225999833e-01 1.924123999999999945e+00 -1.499999387358000036e-01 -2.705542855592968365e-01
2.856611717572000164e-01 1.924123999999999945e+00 -1.499997405514000015e-01 -2.710857691664965707e-01
3.543912358411999697e-01 1.924123999999999945e+00 -1.499997775503000008e-01 -2.707504704672366036e-01
4.263730274622999916e-01 1.924123999999999945e+00 -1.499996572427000074e-01 -2.732001823581099997e-01
4.999999052838000058e-01 1.924123999999999945e+00 -1.500001640532000191e-01 -2.729630190378891652e-01
5.736272831053000898e-01 1.924123999999999945e+00 -1.499998048382999993e-01 -2.799078869643377709e-01
6.456090747264999763e-01 1.924123999999999945e+00 -1.499996845307000060e-01 -2.854715149143626229e-01
7.143386388105000817e-01 1.924123999999999945e+00 -1.500005875550000090e-01 -2.917616209215451728e-01
7.782802955450999205e-01 1.924123999999999945e+00 -1.500003893706000069e-01 -2.950802239391489556e-01
8.360052715056999206e-01 1.924123999999999945e+00 -1.499997981412000136e-01 -3.034904260760613592e-01
8.862245823416998736e-01 1.924123999999999945e+00 -1.499994002522000158e-01 -3.228626545621491317e-01
9.278163173860000112e-01 1.924123999999999945e+00 -1.500004019804999922e-01 -3.529781604415425655e-01
9.598514601631998877e-01 1.924123999999999945e+00 -1.499999070627000275e-01 -4.302539417761267471e-01
9.816139409483000122e-01 1.924123999999999945e+00 -1.500001846441000042e-01 -5.687027041284448137e-01
9.926186630463998961e-01 1.924123999999999945e+00 -1.499994468471000097e-01 -7.637648329940713854e-01
7.381647521316000646e-03 1.957271999999999901e+00 -1.500000152340000004e-01 -6.928542959859493866e-01
1.838586961938000128e-02 1.957271999999999901e+00 -1.500001434622999785e-01 -6.024683616417340071e-01
4.014835040451000120e-02 1.957271999999999901e+00 -1.500004210437999863e-01 -5.397420995743165140e-01
7.218349318170000362e-02 1.957271999999999901e+00 -1.499999261258999905e-01 -4.530674186769642620e-01
1.137757282259999891e-01 1.957271999999999901e+00 -1.500000618287999909e-01 -4.552207756647351777e-01
1.639950390619999976e-01 1.957271999999999901e+00 -1.499996639397999931e-01 -4.922325402510520087e-01
2.217195150225999833e-01 1.957271999999999901e+00 -1.499999387358000036e-01 -4.504045797887669123e-01
2.856611717572000164e-01 1.957271999999999901e+00 -1.499997405514000015e-01 -4.315732050754624849e-01
3.543912358411999697e-01 1.957271999999999901e+00 -1.499997775503000008e-01 -4.316294002429348908e-01
4.263730274622999916e-01 1.957271999999999901e+00 -1.499996572427000074e-01 -4.225637371976866952e-01
4.999999052838000058e-01 1.957271999999999901e+00 -1.500001640532000191e-01 -3.943617894162539939e-01
5.736272831053000898e-01 1.957271999999999901e+00 -1.499998048382999993e-01 -4.193027393864806052e-01
6.456090747264999763e-01 1.957271999999999901e+00 -1.499996845307000060e-01 -3.961354515992784320e-01
7.143386388105000817e-01 1.957271999999999901e+00 -1.500005875550000090e-01 -4.144094865563743291e-01
7.782802955450999205e-01 1.957271999999999901e+00 -1.500003893706000069e-01 -4.231624020415914456e-01
8.360052715056999206e-01 1.957271999999999901e+00 -1.499997981412000136e-01 -4.106910534400867729e-01
8.862245823416998736e-01 1.957271999999999901e+00 -1.499994002522000158e-01 -4.285416715358515427e-01
9.278163173860000112e-01 1.957271999999999901e+00 -1.500004019804999922e-01 -4.536435222111229182e-01
9.598514601631998877e-01 1.957271999999999901e+00 -1.499999070627000275e-01 -5.049382627137318780e-01
9.816139409483000122e-01 1.957271999999999901e+00 -1.500001846441000042e-01 -6.225934242469277624e-01
9.926186630463998961e-01 1.957271999999999901e+00 -1.499994468471000097e-01 -7.740836158167329062e-01
7.381647521316000646e-03 1.979475000000000096e+00 -1.500000152340000004e-01 -7.155489944209900699e-01
1.838586961938000128e-02 1.979475000000000096e+00 -1.500001434622999785e-01 -6.922334534961882557e-01
4.014835040451000120e-02 1.979475000000000096e+00 -1.500004210437999863e-01 -7.300659295719010844e-01
7.218349318170000362e-02 1.979475000000000096e+00 -1.499999261258999905e-01 -7.231751785766528107e-01
1.137757282259999891e-01 1.979475000000000096e+00 -1.500000618287999909e-01 -7.201229752683964147e-01
1.639950390619999976e-01 1.979475000000000096e+00 -1.499996639397999931e-01 -7.215941947633369713e-01
2.217195150225999833e-01 1.979475000000000096e+00 -1.499999387358000036e-01 -7.220241552402807406e-01
2.856611717572000164e-01 1.979475000000000096e+00 -1.499997405514000015e-01 -7.125188901494685645e-01
3.543912358411999697e-01 1.979475000000000096e+00 -1.499997775503000008e-01 -7.031167141108288776e-01
4.263730274622999916e-01 1.979475000000000096e+00 -1.499996572427000074e-01 -6.858041532986582922e-01
4.999999052838000058e-01 1.979475000000000096e+00 -1.500001640532000191e-01 -6.665288620228414507e-01
5.736272831053000898e-01 1.979475000000000096e+00 -1.499998048382999993e-01 -6.680122680339724006e-01
6.456090747264999763e-01 1.979475000000000096e+00 -1.499996845307000060e-01 -6.757796780325201480e-01
7.143386388105000817e-01 1.979475000000000096e+00 -1.500005875550000090e-01 -6.732666189144481672e-01
7.782802955450999205e-01 1.979475000000000096e+00 -1.500003893706000069e-01 -6.955223697382498793e-01
8.360052715056999206e-01 1.979475000000000096e+00 -1.499997981412000136e-01 -6.736549638071466228e-01
8.862245823416998736e-01 1.979475000000000096e+00 -1.499994002522000158e-01 -6.734354770213597519e-01
9.278163173860000112e-01 1.979475000000000096e+00 -1.500004019804999922e-01 -6.860095738639929719e-01
9.598514601631998877e-01 1.979475000000000096e+00 -1.499999070627000275e-01 -7.058889117785585032e-01
9.816139409483000122e-01 1.979475000000000096e+00 -1.500001846441000042e-01 -7.403825365244356416e-01
9.926186630463998961e-01 1.979475000000000096e+00 -1.499994468471000097e-01 -7.748430805960773160e-01
7.381647521316000646e-03 1.990607000000000015e+00 -1.500000152340000004e-01 -7.443884910781636277e-01
1.838586961938000128e-02 1.990607000000000015e+00 -1.500001434622999785e-01 -7.296834665410913967e-01
4.014835040451000120e-02 1.990607000000000015e+00 -1.500004210437999863e-01 -7.573136782875544704e-01
7.218349318170000362e-02 1.990607000000000015e+00 -1.499999261258999905e-01 -7.374789713141768344e-01
1.137757282259999891e-01 1.990607000000000015e+00 -1.500000618287999909e-01 -7.309786808467009234e-01
1.639950390619999976e-01 1.990607000000000015e+00 -1.499996639397999931e-01 -7.477910224243776716e-01
2.217195150225999833e-01 1.990607000000000015e+00 -1.499999387358000036e-01 -7.587530199994896307e-01
2.856611717572000164e-01 1.990607000000000015e+00 -1.499997405514000015e-01 -7.556985395464002053e-01
3.543912358411999697e-01 1.990607000000000015e+00 -1.499997775503000008e-01 -7.555214916389421109e-01
4.263730274622999916e-01 1.990607000000000015e+00 -1.499996572427000074e-01 -7.648558787727824937e-01
4.999999052838000058e-01 1.990607000000000015e+00 -1.500001640532000191e-01 -7.542175079101307578e-01
5.736272831053000898e-01 1.990607000000000015e+00 -1.499998048382999993e-01 -7.567419198841296435e-01
6.456090747264999763e-01 1.990607000000000015e+00 -1.499996845307000060e-01 -7.566558454998386640e-01
7.143386388105000817e-01 1.990607000000000015e+00 -1.500005875550000090e-01 -7.424112149617213552e-01
7.782802955450999205e-01 1.990607000000000015e+00 -1.500003893706000069e-01 -7.453746370611677996e-01
8.360052715056999206e-01 1.990607000000000015e+00 -1.499997981412000136e-01 -7.545372487389722105e-01
8.862245823416998736e-01 1.990607000000000015e+00 -1.499994002522000158e-01 -7.430736931241361809e-01
9.278163173860000112e-01 1.990607000000000015e+00 -1.500004019804999922e-01 -7.530845154070038294e-01
9.598514601631998877e-01 1.990607000000000015e+00 -1.499999070627000275e-01 -7.681712091162268274e-01
9.816139409483000122e-01 1.990607000000000015e+00 -1.500001846441000042e-01 -7.782205339783778708e-01
9.926186630463998961e-01 1.990607000000000015e+00 -1.499994468471000097e-01 -7.698360511220919689e-01
