# ['# x', 'y', 'z', 'rmsCpNN']
7.381257813095999827e-03 7.448299999999999366e-02 1.500000965467999936e-01 -3.174354208645397968e-01
1.838546110000999906e-02 7.448299999999999366e-02 1.500002388613999871e-01 -2.821123256392512602e-01
4.014807732596999829e-02 7.448299999999999366e-02 1.500001996162999840e-01 -2.485017709009804121e-01
7.218378193812000077e-02 7.448299999999999366e-02 1.500002587891000050e-01 -2.434318371782245305e-01
1.137755946406000113e-01 7.448299999999999366e-02 1.499999110240999856e-01 -2.419611687111846987e-01
1.639946326310000035e-01 7.448299999999999366e-02 1.500004751633999822e-01 -2.437020126295105782e-01
2.217194594590000123e-01 7.448299999999999366e-02 1.499996516678999969e-01 -2.396698613387679422e-01
2.856609930310000101e-01 7.448299999999999366e-02 1.500003312096000185e-01 -2.309383315479271448e-01
3.543911816017999983e-01 7.448299999999999366e-02 1.500004611882999883e-01 -2.275615920471606712e-01
4.263726621700000274e-01 7.448299999999999366e-02 1.500000012747000067e-01 -2.242593469634809045e-01
5.000001794846999914e-01 7.448299999999999366e-02 1.499997126825000082e-01 -2.256252249375116925e-01
5.736267119915000601e-01 7.448299999999999366e-02 1.499995977384999957e-01 -2.257221528964390156e-01
6.456093510156999393e-01 7.448299999999999366e-02 1.499999489845000034e-01 -2.302592781992817694e-01
7.143385547787000078e-01 7.448299999999999366e-02 1.500002526112999834e-01 -2.417692129791345346e-01
7.782799147025999398e-01 7.448299999999999366e-02 1.499999473453999810e-01 -2.507820223396386994e-01
8.360049151786999033e-01 7.448299999999999366e-02 1.500001086574999920e-01 -2.650973756997851427e-01
8.862247643287000098e-01 7.448299999999999366e-02 1.499995143409000031e-01 -2.691713145993824829e-01
9.278167506793999486e-01 7.448299999999999366e-02 1.500001513837000144e-01 -2.584486777000210012e-01
9.598514704838000400e-01 7.448299999999999366e-02 1.500003842047000213e-01 -2.803469185663643448e-01
9.816140867096999623e-01 7.448299999999999366e-02 1.500003449595000149e-01 -2.974873744385572727e-01
9.926182899965999562e-01 7.448299999999999366e-02 1.500004872742000117e-01 -3.104082831875306647e-01
7.381257813095999827e-03 2.230330000000000090e-01 1.500000965467999936e-01 -5.703242403802661897e-01
1.838546110000999906e-02 2.230330000000000090e-01 1.500002388613999871e-01 -5.220806067796479599e-01
4.014807732596999829e-02 2.230330000000000090e-01 1.500001996162999840e-01 -4.333111845743923829e-01
7.218378193812000077e-02 2.230330000000000090e-01 1.500002587891000050e-01 -3.782851522063588878e-01
1.137755946406000113e-01 2.230330000000000090e-01 1.499999110240999856e-01 -3.590457690033460048e-01
1.639946326310000035e-01 2.230330000000000090e-01 1.500004751633999822e-01 -3.467493644497553484e-01
2.217194594590000123e-01 2.230330000000000090e-01 1.499996516678999969e-01 -3.286539932353206850e-01
2.856609930310000101e-01 2.230330000000000090e-01 1.500003312096000185e-01 -3.048190099814833132e-01
3.543911816017999983e-01 2.230330000000000090e-01 1.500004611882999883e-01 -2.846200427784339460e-01
4.263726621700000274e-01 2.230330000000000090e-01 1.500000012747000067e-01 -2.581737127400375309e-01
5.000001794846999914e-01 2.230330000000000090e-01 1.499997126825000082e-01 -2.336326024730579487e-01
5.736267119915000601e-01 2.230330000000000090e-01 1.499995977384999957e-01 -2.222837113752628158e-01
6.456093510156999393e-01 2.230330000000000090e-01 1.499999489845000034e-01 -2.335887400081548271e-01
7.143385547787000078e-01 2.230330000000000090e-01 1.500002526112999834e-01 -2.787123552785742420e-01
7.782799147025999398e-01 2.230330000000000090e-01 1.499999473453999810e-01 -3.422264662214161701e-01
8.360049151786999033e-01 2.230330000000000090e-01 1.500001086574999920e-01 -3.833259920139350796e-01
8.862247643287000098e-01 2.230330000000000090e-01 1.499995143409000031e-01 -4.135974559867501288e-01
9.278167506793999486e-01 2.230330000000000090e-01 1.500001513837000144e-01 -4.108365468620659988e-01
9.598514704838000400e-01 2.230330000000000090e-01 1.500003842047000213e-01 -4.539900830518556751e-01
9.816140867096999623e-01 2.230330000000000090e-01 1.500003449595000149e-01 -4.898985110345331906e-01
9.926182899965999562e-01 2.230330000000000090e-01 1.500004872742000117e-01 -5.247894867695757082e-01
7.381257813095999827e-03 3.703359999999999985e-01 1.500000965467999936e-01 -6.206213383835328390e-01
1.838546110000999906e-02 3.703359999999999985e-01 1.500002388613999871e-01 -5.849707662070294800e-01
4.014807732596999829e-02 3.703359999999999985e-01 1.500001996162999840e-01 -5.151769171705616879e-01
7.218378193812000077e-02 3.703359999999999985e-01 1.500002587891000050e-01 -4.759342622395008604e-01
1.137755946406000113e-01 3.703359999999999985e-01 1.499999110240999856e-01 -4.522635622457572002e-01
1.639946326310000035e-01 3.703359999999999985e-01 1.500004751633999822e-01 -4.338987127629078122e-01
2.217194594590000123e-01 3.703359999999999985e-01 1.499996516678999969e-01 -4.072817820969545366e-01
2.856609930310000101e-01 3.703359999999999985e-01 1.500003312096000185e-01 -3.808316189233343918e-01
3.543911816017999983e-01 3.703359999999999985e-01 1.500004611882999883e-01 -3.379901151865385978e-01
4.263726621700000274e-01 3.703359999999999985e-01 1.500000012747000067e-01 -3.049801461729237384e-01
5.000001794846999914e-01 3.703359999999999985e-01 1.499997126825000082e-01 -2.729714919082382174e-01
5.736267119915000601e-01 3.703359999999999985e-01 1.499995977384999957e-01 -2.540568303858979915e-01
6.456093510156999393e-01 3.703359999999999985e-01 1.499999489845000034e-01 -2.580304984830071313e-01
7.143385547787000078e-01 3.703359999999999985e-01 1.500002526112999834e-01 -3.051004809931927575e-01
7.782799147025999398e-01 3.703359999999999985e-01 1.499999473453999810e-01 -3.689970818893836824e-01
8.360049151786999033e-01 3.703359999999999985e-01 1.500001086574999920e-01 -4.057324863092546807e-01
8.862247643287000098e-01 3.703359999999999985e-01 1.499995143409000031e-01 -4.403995219970192609e-01
9.278167506793999486e-01 3.703359999999999985e-01 1.500001513837000144e-01 -4.585016641699073414e-01
9.598514704838000400e-01 3.703359999999999985e-01 1.500003842047000213e-01 -5.178117880874865131e-01
9.816140867096999623e-01 3.703359999999999985e-01 1.500003449595000149e-01 -5.552588621968107541e-01
9.926182899965999562e-01 3.703359999999999985e-01 1.500004872742000117e-01 -5.893800367475374724e-01
7.381257813095999827e-03 5.155680000000000263e-01 1.500000965467999936e-01 -6.402085551784100215e-01
1.838546110000999906e-02 5.155680000000000263e-01 1.500002388613999871e-01 -6.001512857706362558e-01
4.014807732596999829e-02 5.155680000000000263e-01 1.500001996162999840e-01 -5.613835111108650411e-01
7.218378193812000077e-02 5.155680000000000263e-01 1.500002587891000050e-01 -5.271208679981236322e-01
1.137755946406000113e-01 5.155680000000000263e-01 1.499999110240999856e-01 -5.050871564214335363e-01
1.639946326310000035e-01 5.155680000000000263e-01 1.500004751633999822e-01 -4.823910925392662641e-01
2.217194594590000123e-01 5.155680000000000263e-01 1.499996516678999969e-01 -4.496777113458776953e-01
2.856609930310000101e-01 5.155680000000000263e-01 1.500003312096000185e-01 -4.180975608124049003e-01
3.543911816017999983e-01 5.155680000000000263e-01 1.500004611882999883e-01 -3.812479714980802070e-01
4.263726621700000274e-01 5.155680000000000263e-01 1.500000012747000067e-01 -3.375429779620583992e-01
5.000001794846999914e-01 5.155680000000000263e-01 1.499997126825000082e-01 -2.891689943124725604e-01
5.736267119915000601e-01 5.155680000000000263e-01 1.499995977384999957e-01 -2.694966928133971096e-01
6.456093510156999393e-01 5.155680000000000263e-01 1.499999489845000034e-01 -2.835338543170075054e-01
7.143385547787000078e-01 5.155680000000000263e-01 1.500002526112999834e-01 -3.153297871328037960e-01
7.782799147025999398e-01 5.155680000000000263e-01 1.499999473453999810e-01 -3.687279075022506514e-01
8.360049151786999033e-01 5.155680000000000263e-01 1.500001086574999920e-01 -4.094639032406537371e-01
8.862247643287000098e-01 5.155680000000000263e-01 1.499995143409000031e-01 -4.476536313612829443e-01
9.278167506793999486e-01 5.155680000000000263e-01 1.500001513837000144e-01 -4.756271143100057053e-01
9.598514704838000400e-01 5.155680000000000263e-01 1.500003842047000213e-01 -5.428433323020090961e-01
9.816140867096999623e-01 5.155680000000000263e-01 1.500003449595000149e-01 -5.979532706621265570e-01
9.926182899965999562e-01 5.155680000000000263e-01 1.500004872742000117e-01 -6.233418992913263290e-01
7.381257813095999827e-03 6.579159999999999453e-01 1.500000965467999936e-01 -6.571294088289532098e-01
1.838546110000999906e-02 6.579159999999999453e-01 1.500002388613999871e-01 -6.384715398200964120e-01
4.014807732596999829e-02 6.579159999999999453e-01 1.500001996162999840e-01 -5.864484019095854705e-01
7.218378193812000077e-02 6.579159999999999453e-01 1.500002587891000050e-01 -5.510533678074679420e-01
1.137755946406000113e-01 6.579159999999999453e-01 1.499999110240999856e-01 -5.275830076229143240e-01
1.639946326310000035e-01 6.579159999999999453e-01 1.500004751633999822e-01 -5.029890889825279210e-01
2.217194594590000123e-01 6.579159999999999453e-01 1.499996516678999969e-01 -4.768354200250943253e-01
2.856609930310000101e-01 6.579159999999999453e-01 1.500003312096000185e-01 -4.366704060342799787e-01
3.543911816017999983e-01 6.579159999999999453e-01 1.500004611882999883e-01 -3.966514915908947447e-01
4.263726621700000274e-01 6.579159999999999453e-01 1.500000012747000067e-01 -3.585414634112991661e-01
5.000001794846999914e-01 6.579159999999999453e-01 1.499997126825000082e-01 -3.153955067761258224e-01
5.736267119915000601e-01 6.579159999999999453e-01 1.499995977384999957e-01 -2.926093392578776320e-01
6.456093510156999393e-01 6.579159999999999453e-01 1.499999489845000034e-01 -3.006219986021992918e-01
7.143385547787000078e-01 6.579159999999999453e-01 1.500002526112999834e-01 -3.231868680498926061e-01
7.782799147025999398e-01 6.579159999999999453e-01 1.499999473453999810e-01 -3.640063997325769241e-01
8.360049151786999033e-01 6.579159999999999453e-01 1.500001086574999920e-01 -4.078830326364265568e-01
8.862247643287000098e-01 6.579159999999999453e-01 1.499995143409000031e-01 -4.507185711730999911e-01
9.278167506793999486e-01 6.579159999999999453e-01 1.500001513837000144e-01 -4.861164881027221218e-01
9.598514704838000400e-01 6.579159999999999453e-01 1.500003842047000213e-01 -5.481197119249088257e-01
9.816140867096999623e-01 6.579159999999999453e-01 1.500003449595000149e-01 -5.813947544483015761e-01
9.926182899965999562e-01 6.579159999999999453e-01 1.500004872742000117e-01 -6.284302424511145624e-01
7.381257813095999827e-03 7.965849999999999875e-01 1.500000965467999936e-01 -6.611698669064572931e-01
1.838546110000999906e-02 7.965849999999999875e-01 1.500002388613999871e-01 -6.449351781618410939e-01
4.014807732596999829e-02 7.965849999999999875e-01 1.500001996162999840e-01 -6.047668701356754273e-01
7.218378193812000077e-02 7.965849999999999875e-01 1.500002587891000050e-01 -5.743469096357155523e-01
1.137755946406000113e-01 7.965849999999999875e-01 1.499999110240999856e-01 -5.502619600596713179e-01
1.639946326310000035e-01 7.965849999999999875e-01 1.500004751633999822e-01 -5.268304978914689629e-01
2.217194594590000123e-01 7.965849999999999875e-01 1.499996516678999969e-01 -4.968593519413737614e-01
2.856609930310000101e-01 7.965849999999999875e-01 1.500003312096000185e-01 -4.667607156190289874e-01
3.543911816017999983e-01 7.965849999999999875e-01 1.500004611882999883e-01 -4.289954567799549312e-01
4.263726621700000274e-01 7.965849999999999875e-01 1.500000012747000067e-01 -3.903979557551939816e-01
5.000001794846999914e-01 7.965849999999999875e-01 1.499997126825000082e-01 -3.481635278557085877e-01
5.736267119915000601e-01 7.965849999999999875e-01 1.499995977384999957e-01 -3.219541165611860545e-01
6.456093510156999393e-01 7.965849999999999875e-01 1.499999489845000034e-01 -3.163748811756863510e-01
7.143385547787000078e-01 7.965849999999999875e-01 1.500002526112999834e-01 -3.298732116814113713e-01
7.782799147025999398e-01 7.965849999999999875e-01 1.499999473453999810e-01 -3.729067853319371073e-01
8.360049151786999033e-01 7.965849999999999875e-01 1.500001086574999920e-01 -4.184122682111026115e-01
8.862247643287000098e-01 7.965849999999999875e-01 1.499995143409000031e-01 -4.661504221796580749e-01
9.278167506793999486e-01 7.965849999999999875e-01 1.500001513837000144e-01 -4.989636313474313245e-01
9.598514704838000400e-01 7.965849999999999875e-01 1.500003842047000213e-01 -5.616505667567834870e-01
9.816140867096999623e-01 7.965849999999999875e-01 1.500003449595000149e-01 -6.058376992484687529e-01
9.926182899965999562e-01 7.965849999999999875e-01 1.500004872742000117e-01 -6.403266259535332905e-01
7.381257813095999827e-03 9.307990000000000430e-01 1.500000965467999936e-01 -6.584412426202762569e-01
1.838546110000999906e-02 9.307990000000000430e-01 1.500002388613999871e-01 -6.507195783285018020e-01
4.014807732596999829e-02 9.307990000000000430e-01 1.500001996162999840e-01 -6.154927157378811131e-01
7.218378193812000077e-02 9.307990000000000430e-01 1.500002587891000050e-01 -5.835489576428554148e-01
1.137755946406000113e-01 9.307990000000000430e-01 1.499999110240999856e-01 -5.627643757194028540e-01
1.639946326310000035e-01 9.307990000000000430e-01 1.500004751633999822e-01 -5.398898866855347256e-01
2.217194594590000123e-01 9.307990000000000430e-01 1.499996516678999969e-01 -5.164800575376874425e-01
2.856609930310000101e-01 9.307990000000000430e-01 1.500003312096000185e-01 -4.895780282634827341e-01
3.543911816017999983e-01 9.307990000000000430e-01 1.500004611882999883e-01 -4.496097772332099951e-01
4.263726621700000274e-01 9.307990000000000430e-01 1.500000012747000067e-01 -4.137930614252770534e-01
5.000001794846999914e-01 9.307990000000000430e-01 1.499997126825000082e-01 -3.762384664276616775e-01
5.736267119915000601e-01 9.307990000000000430e-01 1.499995977384999957e-01 -3.583756362777311133e-01
6.456093510156999393e-01 9.307990000000000430e-01 1.499999489845000034e-01 -3.420472551257359717e-01
7.143385547787000078e-01 9.307990000000000430e-01 1.500002526112999834e-01 -3.539626580340667905e-01
7.782799147025999398e-01 9.307990000000000430e-01 1.499999473453999810e-01 -3.709061685250126250e-01
8.360049151786999033e-01 9.307990000000000430e-01 1.500001086574999920e-01 -4.033754352467626147e-01
8.862247643287000098e-01 9.307990000000000430e-01 1.499995143409000031e-01 -4.547684905166767821e-01
9.278167506793999486e-01 9.307990000000000430e-01 1.500001513837000144e-01 -4.949226417358712493e-01
9.598514704838000400e-01 9.307990000000000430e-01 1.500003842047000213e-01 -5.498642977833479994e-01
9.816140867096999623e-01 9.307990000000000430e-01 1.500003449595000149e-01 -6.067230042017627278e-01
9.926182899965999562e-01 9.307990000000000430e-01 1.500004872742000117e-01 -6.390115226357649947e-01
7.381257813095999827e-03 1.059808000000000083e+00 1.500000965467999936e-01 -6.698943142929725258e-01
1.838546110000999906e-02 1.059808000000000083e+00 1.500002388613999871e-01 -6.558966399785648438e-01
4.014807732596999829e-02 1.059808000000000083e+00 1.500001996162999840e-01 -6.222360960532612451e-01
7.218378193812000077e-02 1.059808000000000083e+00 1.500002587891000050e-01 -5.985490155198849305e-01
1.137755946406000113e-01 1.059808000000000083e+00 1.499999110240999856e-01 -5.748432344806599925e-01
1.639946326310000035e-01 1.059808000000000083e+00 1.500004751633999822e-01 -5.537592199273650984e-01
2.217194594590000123e-01 1.059808000000000083e+00 1.499996516678999969e-01 -5.337391988356350314e-01
2.856609930310000101e-01 1.059808000000000083e+00 1.500003312096000185e-01 -5.107803426763142252e-01
3.543911816017999983e-01 1.059808000000000083e+00 1.500004611882999883e-01 -4.852606039180201170e-01
4.263726621700000274e-01 1.059808000000000083e+00 1.500000012747000067e-01 -4.482929682447401865e-01
5.000001794846999914e-01 1.059808000000000083e+00 1.499997126825000082e-01 -4.106030625358573216e-01
5.736267119915000601e-01 1.059808000000000083e+00 1.499995977384999957e-01 -3.851339793330670336e-01
6.456093510156999393e-01 1.059808000000000083e+00 1.499999489845000034e-01 -3.795468293064893639e-01
7.143385547787000078e-01 1.059808000000000083e+00 1.500002526112999834e-01 -3.791568333114159195e-01
7.782799147025999398e-01 1.059808000000000083e+00 1.499999473453999810e-01 -3.916026125769792587e-01
8.360049151786999033e-01 1.059808000000000083e+00 1.500001086574999920e-01 -4.244349064195240828e-01
8.862247643287000098e-01 1.059808000000000083e+00 1.499995143409000031e-01 -4.652127331309501845e-01
9.278167506793999486e-01 1.059808000000000083e+00 1.500001513837000144e-01 -5.008583470715656238e-01
9.598514704838000400e-01 1.059808000000000083e+00 1.500003842047000213e-01 -5.635176331171276587e-01
9.816140867096999623e-01 1.059808000000000083e+00 1.500003449595000149e-01 -6.097420689253550963e-01
9.926182899965999562e-01 1.059808000000000083e+00 1.500004872742000117e-01 -6.464142745643125521e-01
7.381257813095999827e-03 1.182889999999999997e+00 1.500000965467999936e-01 -6.684648685965017822e-01
1.838546110000999906e-02 1.182889999999999997e+00 1.500002388613999871e-01 -6.497825612336900480e-01
4.014807732596999829e-02 1.182889999999999997e+00 1.500001996162999840e-01 -6.307912461660362125e-01
7.218378193812000077e-02 1.182889999999999997e+00 1.500002587891000050e-01 -6.069029192113100102e-01
1.137755946406000113e-01 1.182889999999999997e+00 1.499999110240999856e-01 -5.874191237953098055e-01
1.639946326310000035e-01 1.182889999999999997e+00 1.500004751633999822e-01 -5.691589784310288058e-01
2.217194594590000123e-01 1.182889999999999997e+00 1.499996516678999969e-01 -5.482234331476181222e-01
2.856609930310000101e-01 1.182889999999999997e+00 1.500003312096000185e-01 -5.327704066545148054e-01
3.543911816017999983e-01 1.182889999999999997e+00 1.500004611882999883e-01 -5.109487021891705449e-01
4.263726621700000274e-01 1.182889999999999997e+00 1.500000012747000067e-01 -4.790309193195858017e-01
5.000001794846999914e-01 1.182889999999999997e+00 1.499997126825000082e-01 -4.412787405498970750e-01
5.736267119915000601e-01 1.182889999999999997e+00 1.499995977384999957e-01 -4.119475740705201838e-01
6.456093510156999393e-01 1.182889999999999997e+00 1.499999489845000034e-01 -4.001123780037827982e-01
7.143385547787000078e-01 1.182889999999999997e+00 1.500002526112999834e-01 -4.010599724554219647e-01
7.782799147025999398e-01 1.182889999999999997e+00 1.499999473453999810e-01 -4.206745046121341813e-01
8.360049151786999033e-01 1.182889999999999997e+00 1.500001086574999920e-01 -4.434406217182800258e-01
8.862247643287000098e-01 1.182889999999999997e+00 1.499995143409000031e-01 -4.812257380416926078e-01
9.278167506793999486e-01 1.182889999999999997e+00 1.500001513837000144e-01 -5.127780128038695873e-01
9.598514704838000400e-01 1.182889999999999997e+00 1.500003842047000213e-01 -5.624125350241525600e-01
9.816140867096999623e-01 1.182889999999999997e+00 1.500003449595000149e-01 -6.201986039670024375e-01
9.926182899965999562e-01 1.182889999999999997e+00 1.500004872742000117e-01 -6.565091241549496637e-01
7.381257813095999827e-03 1.299357000000000095e+00 1.500000965467999936e-01 -6.671443108818432277e-01
1.838546110000999906e-02 1.299357000000000095e+00 1.500002388613999871e-01 -6.580280372129514443e-01
4.014807732596999829e-02 1.299357000000000095e+00 1.500001996162999840e-01 -6.322544914923111659e-01
7.218378193812000077e-02 1.299357000000000095e+00 1.500002587891000050e-01 -6.119783875779520876e-01
1.137755946406000113e-01 1.299357000000000095e+00 1.499999110240999856e-01 -5.968188825120606111e-01
1.639946326310000035e-01 1.299357000000000095e+00 1.500004751633999822e-01 -5.834262685284941075e-01
2.217194594590000123e-01 1.299357000000000095e+00 1.499996516678999969e-01 -5.688922656149519863e-01
2.856609930310000101e-01 1.299357000000000095e+00 1.500003312096000185e-01 -5.523348257224504065e-01
3.543911816017999983e-01 1.299357000000000095e+00 1.500004611882999883e-01 -5.271354297704813341e-01
4.263726621700000274e-01 1.299357000000000095e+00 1.500000012747000067e-01 -5.006419178548006110e-01
5.000001794846999914e-01 1.299357000000000095e+00 1.499997126825000082e-01 -4.664399478953024092e-01
5.736267119915000601e-01 1.299357000000000095e+00 1.499995977384999957e-01 -4.520332102329230883e-01
6.456093510156999393e-01 1.299357000000000095e+00 1.499999489845000034e-01 -4.249869645930318685e-01
7.143385547787000078e-01 1.299357000000000095e+00 1.500002526112999834e-01 -4.330043399021100692e-01
7.782799147025999398e-01 1.299357000000000095e+00 1.499999473453999810e-01 -4.502527939652276601e-01
8.360049151786999033e-01 1.299357000000000095e+00 1.500001086574999920e-01 -4.681581276966854666e-01
8.862247643287000098e-01 1.299357000000000095e+00 1.499995143409000031e-01 -4.986864746288285910e-01
9.278167506793999486e-01 1.299357000000000095e+00 1.500001513837000144e-01 -5.226434973289167951e-01
9.598514704838000400e-01 1.299357000000000095e+00 1.500003842047000213e-01 -5.704352817112384733e-01
9.816140867096999623e-01 1.299357000000000095e+00 1.500003449595000149e-01 -6.306280860848963998e-01
9.926182899965999562e-01 1.299357000000000095e+00 1.500004872742000117e-01 -6.618432512954539604e-01
7.381257813095999827e-03 1.408557000000000059e+00 1.500000965467999936e-01 -6.619807212791050111e-01
1.838546110000999906e-02 1.408557000000000059e+00 1.500002388613999871e-01 -6.569888107938434141e-01
4.014807732596999829e-02 1.408557000000000059e+00 1.500001996162999840e-01 -6.325328187037616567e-01
7.218378193812000077e-02 1.408557000000000059e+00 1.500002587891000050e-01 -6.132976598361272735e-01
1.137755946406000113e-01 1.408557000000000059e+00 1.499999110240999856e-01 -6.011751352144408811e-01
1.639946326310000035e-01 1.408557000000000059e+00 1.500004751633999822e-01 -5.875046469277368510e-01
2.217194594590000123e-01 1.408557000000000059e+00 1.499996516678999969e-01 -5.786971338678679189e-01
2.856609930310000101e-01 1.408557000000000059e+00 1.500003312096000185e-01 -5.650977541198589638e-01
3.543911816017999983e-01 1.408557000000000059e+00 1.500004611882999883e-01 -5.416701203779870077e-01
4.263726621700000274e-01 1.408557000000000059e+00 1.500000012747000067e-01 -5.201662741078818541e-01
5.000001794846999914e-01 1.408557000000000059e+00 1.499997126825000082e-01 -4.880528064207741989e-01
5.736267119915000601e-01 1.408557000000000059e+00 1.499995977384999957e-01 -4.636227194855584433e-01
6.456093510156999393e-01 1.408557000000000059e+00 1.499999489845000034e-01 -4.574042048929224391e-01
7.143385547787000078e-01 1.408557000000000059e+00 1.500002526112999834e-01 -4.563412630757937016e-01
7.782799147025999398e-01 1.408557000000000059e+00 1.499999473453999810e-01 -4.771767637109859406e-01
8.360049151786999033e-01 1.408557000000000059e+00 1.500001086574999920e-01 -4.985776875089136806e-01
8.862247643287000098e-01 1.408557000000000059e+00 1.499995143409000031e-01 -5.160572746475028394e-01
9.278167506793999486e-01 1.408557000000000059e+00 1.500001513837000144e-01 -5.368140399004887042e-01
9.598514704838000400e-01 1.408557000000000059e+00 1.500003842047000213e-01 -5.722458206980934881e-01
9.816140867096999623e-01 1.408557000000000059e+00 1.500003449595000149e-01 -6.311880377647817175e-01
9.926182899965999562e-01 1.408557000000000059e+00 1.500004872742000117e-01 -6.520238376296230154e-01
7.381257813095999827e-03 1.509880000000000111e+00 1.500000965467999936e-01 -6.662392753309159810e-01
1.838546110000999906e-02 1.509880000000000111e+00 1.500002388613999871e-01 -6.437246585453573200e-01
4.014807732596999829e-02 1.509880000000000111e+00 1.500001996162999840e-01 -6.287566558767156977e-01
7.218378193812000077e-02 1.509880000000000111e+00 1.500002587891000050e-01 -6.098391347076496105e-01
1.137755946406000113e-01 1.509880000000000111e+00 1.499999110240999856e-01 -5.980998962185035683e-01
1.639946326310000035e-01 1.509880000000000111e+00 1.500004751633999822e-01 -5.890831917151714281e-01
2.217194594590000123e-01 1.509880000000000111e+00 1.499996516678999969e-01 -5.823794791203235066e-01
2.856609930310000101e-01 1.509880000000000111e+00 1.500003312096000185e-01 -5.748955553316649203e-01
3.543911816017999983e-01 1.509880000000000111e+00 1.500004611882999883e-01 -5.557417210049938605e-01
4.263726621700000274e-01 1.509880000000000111e+00 1.500000012747000067e-01 -5.310109998249782359e-01
5.000001794846999914e-01 1.509880000000000111e+00 1.499997126825000082e-01 -5.013169305555196242e-01
5.736267119915000601e-01 1.509880000000000111e+00 1.499995977384999957e-01 -4.869197767085357009e-01
6.456093510156999393e-01 1.509880000000000111e+00 1.499999489845000034e-01 -4.817502969806175539e-01
7.143385547787000078e-01 1.509880000000000111e+00 1.500002526112999834e-01 -4.839327290988224006e-01
7.782799147025999398e-01 1.509880000000000111e+00 1.499999473453999810e-01 -5.085748781564857213e-01
8.360049151786999033e-01 1.509880000000000111e+00 1.500001086574999920e-01 -5.191800196961292579e-01
8.862247643287000098e-01 1.509880000000000111e+00 1.499995143409000031e-01 -5.330884965200599623e-01
9.278167506793999486e-01 1.509880000000000111e+00 1.500001513837000144e-01 -5.508446554791089911e-01
9.598514704838000400e-01 1.509880000000000111e+00 1.500003842047000213e-01 -5.825482316534112970e-01
9.816140867096999623e-01 1.509880000000000111e+00 1.500003449595000149e-01 -6.126227771799145350e-01
9.926182899965999562e-01 1.509880000000000111e+00 1.500004872742000117e-01 -6.428015934016001465e-01
7.381257813095999827e-03 1.602759000000000045e+00 1.500000965467999936e-01 -6.657862179526502500e-01
1.838546110000999906e-02 1.602759000000000045e+00 1.500002388613999871e-01 -6.540978821110869923e-01
4.014807732596999829e-02 1.602759000000000045e+00 1.500001996162999840e-01 -6.294479066288195535e-01
7.218378193812000077e-02 1.602759000000000045e+00 1.500002587891000050e-01 -6.099790685441949245e-01
1.137755946406000113e-01 1.602759000000000045e+00 1.499999110240999856e-01 -5.949093264213285437e-01
1.639946326310000035e-01 1.602759000000000045e+00 1.500004751633999822e-01 -5.868328602948308381e-01
2.217194594590000123e-01 1.602759000000000045e+00 1.499996516678999969e-01 -5.793339834831056079e-01
2.856609930310000101e-01 1.602759000000000045e+00 1.500003312096000185e-01 -5.722359236874138277e-01
3.543911816017999983e-01 1.602759000000000045e+00 1.500004611882999883e-01 -5.591715050173637902e-01
4.263726621700000274e-01 1.602759000000000045e+00 1.500000012747000067e-01 -5.458898653492963993e-01
5.000001794846999914e-01 1.602759000000000045e+00 1.499997126825000082e-01 -5.263485446928348743e-01
5.736267119915000601e-01 1.602759000000000045e+00 1.499995977384999957e-01 -5.099866249470261792e-01
6.456093510156999393e-01 1.602759000000000045e+00 1.499999489845000034e-01 -5.081306059544016263e-01
7.143385547787000078e-01 1.602759000000000045e+00 1.500002526112999834e-01 -5.166061878779578675e-01
7.782799147025999398e-01 1.602759000000000045e+00 1.499999473453999810e-01 -5.351895472607123283e-01
8.360049151786999033e-01 1.602759000000000045e+00 1.500001086574999920e-01 -5.475531747008690608e-01
8.862247643287000098e-01 1.602759000000000045e+00 1.499995143409000031e-01 -5.575764555949296319e-01
9.278167506793999486e-01 1.602759000000000045e+00 1.500001513837000144e-01 -5.661926225744962071e-01
9.598514704838000400e-01 1.602759000000000045e+00 1.500003842047000213e-01 -5.907149975557131061e-01
9.816140867096999623e-01 1.602759000000000045e+00 1.500003449595000149e-01 -6.165529015897681653e-01
9.926182899965999562e-01 1.602759000000000045e+00 1.500004872742000117e-01 -6.414626198501943710e-01
7.381257813095999827e-03 1.686674999999999924e+00 1.500000965467999936e-01 -6.680428333206460678e-01
1.838546110000999906e-02 1.686674999999999924e+00 1.500002388613999871e-01 -6.543537310990533706e-01
4.014807732596999829e-02 1.686674999999999924e+00 1.500001996162999840e-01 -6.291141537237476822e-01
7.218378193812000077e-02 1.686674999999999924e+00 1.500002587891000050e-01 -6.095728608592286824e-01
1.137755946406000113e-01 1.686674999999999924e+00 1.499999110240999856e-01 -5.972996912651775681e-01
1.639946326310000035e-01 1.686674999999999924e+00 1.500004751633999822e-01 -5.866513252993207361e-01
2.217194594590000123e-01 1.686674999999999924e+00 1.499996516678999969e-01 -5.809172152613489848e-01
2.856609930310000101e-01 1.686674999999999924e+00 1.500003312096000185e-01 -5.725224698867020789e-01
3.543911816017999983e-01 1.686674999999999924e+00 1.500004611882999883e-01 -5.619247964941167517e-01
4.263726621700000274e-01 1.686674999999999924e+00 1.500000012747000067e-01 -5.541324411316640441e-01
5.000001794846999914e-01 1.686674999999999924e+00 1.499997126825000082e-01 -5.417752848428221135e-01
5.736267119915000601e-01 1.686674999999999924e+00 1.499995977384999957e-01 -5.331264875757170119e-01
6.456093510156999393e-01 1.686674999999999924e+00 1.499999489845000034e-01 -5.337996078680543599e-01
7.143385547787000078e-01 1.686674999999999924e+00 1.500002526112999834e-01 -5.372330627453287821e-01
7.782799147025999398e-01 1.686674999999999924e+00 1.499999473453999810e-01 -5.499084436197911874e-01
8.360049151786999033e-01 1.686674999999999924e+00 1.500001086574999920e-01 -5.605309184439253301e-01
8.862247643287000098e-01 1.686674999999999924e+00 1.499995143409000031e-01 -5.681912680113162528e-01
9.278167506793999486e-01 1.686674999999999924e+00 1.500001513837000144e-01 -5.780171005465872813e-01
9.598514704838000400e-01 1.686674999999999924e+00 1.500003842047000213e-01 -5.977061358750492825e-01
9.816140867096999623e-01 1.686674999999999924e+00 1.500003449595000149e-01 -6.182257879139581025e-01
9.926182899965999562e-01 1.686674999999999924e+00 1.500004872742000117e-01 -6.370558285451132230e-01
7.381257813095999827e-03 1.761158000000000001e+00 1.500000965467999936e-01 -6.672703425240616992e-01
1.838546110000999906e-02 1.761158000000000001e+00 1.500002388613999871e-01 -6.524483569566214003e-01
4.014807732596999829e-02 1.761158000000000001e+00 1.500001996162999840e-01 -6.270878308366784060e-01
7.218378193812000077e-02 1.761158000000000001e+00 1.500002587891000050e-01 -6.111433530839338601e-01
1.137755946406000113e-01 1.761158000000000001e+00 1.499999110240999856e-01 -6.010090536521939253e-01
1.639946326310000035e-01 1.761158000000000001e+00 1.500004751633999822e-01 -5.924590060758679888e-01
2.217194594590000123e-01 1.761158000000000001e+00 1.499996516678999969e-01 -5.837179173944466726e-01
2.856609930310000101e-01 1.761158000000000001e+00 1.500003312096000185e-01 -5.768300388411625734e-01
3.543911816017999983e-01 1.761158000000000001e+00 1.500004611882999883e-01 -5.680790212323836297e-01
4.263726621700000274e-01 1.761158000000000001e+00 1.500000012747000067e-01 -5.648231577911153600e-01
5.000001794846999914e-01 1.761158000000000001e+00 1.499997126825000082e-01 -5.590247525389739902e-01
5.736267119915000601e-01 1.761158000000000001e+00 1.499995977384999957e-01 -5.523542146212372383e-01
6.456093510156999393e-01 1.761158000000000001e+00 1.499999489845000034e-01 -5.533801812376969442e-01
7.143385547787000078e-01 1.761158000000000001e+00 1.500002526112999834e-01 -5.516769673878871849e-01
7.782799147025999398e-01 1.761158000000000001e+00 1.499999473453999810e-01 -5.635713949035786596e-01
8.360049151786999033e-01 1.761158000000000001e+00 1.500001086574999920e-01 -5.718501624698858476e-01
8.862247643287000098e-01 1.761158000000000001e+00 1.499995143409000031e-01 -5.788554210930648702e-01
9.278167506793999486e-01 1.761158000000000001e+00 1.500001513837000144e-01 -5.879911057291864473e-01
9.598514704838000400e-01 1.761158000000000001e+00 1.500003842047000213e-01 -6.032910968963486331e-01
9.816140867096999623e-01 1.761158000000000001e+00 1.500003449595000149e-01 -6.141161865092312766e-01
9.926182899965999562e-01 1.761158000000000001e+00 1.500004872742000117e-01 -6.332823109665863814e-01
7.381257813095999827e-03 1.825792000000000082e+00 1.500000965467999936e-01 -6.617908747294640737e-01
1.838546110000999906e-02 1.825792000000000082e+00 1.500002388613999871e-01 -6.424508933166438451e-01
4.014807732596999829e-02 1.825792000000000082e+00 1.500001996162999840e-01 -6.247977014872660995e-01
7.218378193812000077e-02 1.825792000000000082e+00 1.500002587891000050e-01 -6.117212173976400713e-01
1.137755946406000113e-01 1.825792000000000082e+00 1.499999110240999856e-01 -6.062351393460857496e-01
1.639946326310000035e-01 1.825792000000000082e+00 1.500004751633999822e-01 -6.013112875076863650e-01
2.217194594590000123e-01 1.825792000000000082e+00 1.499996516678999969e-01 -5.921513020972660746e-01
2.856609930310000101e-01 1.825792000000000082e+00 1.500003312096000185e-01 -5.870177450894622506e-01
3.543911816017999983e-01 1.825792000000000082e+00 1.500004611882999883e-01 -5.816224234650767544e-01
4.263726621700000274e-01 1.825792000000000082e+00 1.500000012747000067e-01 -5.808021130741081173e-01
5.000001794846999914e-01 1.825792000000000082e+00 1.499997126825000082e-01 -5.743988565638619148e-01
5.736267119915000601e-01 1.825792000000000082e+00 1.499995977384999957e-01 -5.703357263574063696e-01
6.456093510156999393e-01 1.825792000000000082e+00 1.499999489845000034e-01 -5.710984679492012717e-01
7.143385547787000078e-01 1.825792000000000082e+00 1.500002526112999834e-01 -5.731816311794342145e-01
7.782799147025999398e-01 1.825792000000000082e+00 1.499999473453999810e-01 -5.801461458746480782e-01
8.360049151786999033e-01 1.825792000000000082e+00 1.500001086574999920e-01 -5.855553186897244355e-01
8.862247643287000098e-01 1.825792000000000082e+00 1.499995143409000031e-01 -5.915634419717501480e-01
9.278167506793999486e-01 1.825792000000000082e+00 1.500001513837000144e-01 -5.953924397283777425e-01
9.598514704838000400e-01 1.825792000000000082e+00 1.500003842047000213e-01 -6.068047111885787048e-01
9.816140867096999623e-01 1.825792000000000082e+00 1.500003449595000149e-01 -6.219964060311115039e-01
9.926182899965999562e-01 1.825792000000000082e+00 1.500004872742000117e-01 -6.367930950914955091e-01
7.381257813095999827e-03 1.880216000000000109e+00 1.500000965467999936e-01 -6.597962495806227734e-01
1.838546110000999906e-02 1.880216000000000109e+00 1.500002388613999871e-01 -6.466917445178865798e-01
4.014807732596999829e-02 1.880216000000000109e+00 1.500001996162999840e-01 -6.293491811863147767e-01
7.218378193812000077e-02 1.880216000000000109e+00 1.500002587891000050e-01 -6.179561537192146403e-01
1.137755946406000113e-01 1.880216000000000109e+00 1.499999110240999856e-01 -6.091868028746129093e-01
1.639946326310000035e-01 1.880216000000000109e+00 1.500004751633999822e-01 -6.049388077624110460e-01
2.217194594590000123e-01 1.880216000000000109e+00 1.499996516678999969e-01 -6.013354032544689920e-01
2.856609930310000101e-01 1.880216000000000109e+00 1.500003312096000185e-01 -6.004594773160424337e-01
3.543911816017999983e-01 1.880216000000000109e+00 1.500004611882999883e-01 -5.980111998230004389e-01
4.263726621700000274e-01 1.880216000000000109e+00 1.500000012747000067e-01 -5.917518902290523908e-01
5.000001794846999914e-01 1.880216000000000109e+00 1.499997126825000082e-01 -5.838608007384556986e-01
5.736267119915000601e-01 1.880216000000000109e+00 1.499995977384999957e-01 -5.853834484529096827e-01
6.456093510156999393e-01 1.880216000000000109e+00 1.499999489845000034e-01 -5.858881531722200942e-01
7.143385547787000078e-01 1.880216000000000109e+00 1.500002526112999834e-01 -5.889546669137903923e-01
7.782799147025999398e-01 1.880216000000000109e+00 1.499999473453999810e-01 -5.954020970995984596e-01
8.360049151786999033e-01 1.880216000000000109e+00 1.500001086574999920e-01 -5.987568920996862998e-01
8.862247643287000098e-01 1.880216000000000109e+00 1.499995143409000031e-01 -6.024676128051754675e-01
9.278167506793999486e-01 1.880216000000000109e+00 1.500001513837000144e-01 -6.061670435839221494e-01
9.598514704838000400e-01 1.880216000000000109e+00 1.500003842047000213e-01 -6.137542440589357495e-01
9.816140867096999623e-01 1.880216000000000109e+00 1.500003449595000149e-01 -6.248132437839331033e-01
9.926182899965999562e-01 1.880216000000000109e+00 1.500004872742000117e-01 -6.353819089394909803e-01
7.381257813095999827e-03 1.924123999999999945e+00 1.500000965467999936e-01 -6.589142391553255429e-01
1.838546110000999906e-02 1.924123999999999945e+00 1.500002388613999871e-01 -6.479090568414189732e-01
4.014807732596999829e-02 1.924123999999999945e+00 1.500001996162999840e-01 -6.338297189335319048e-01
7.218378193812000077e-02 1.924123999999999945e+00 1.500002587891000050e-01 -6.283361392006953094e-01
1.137755946406000113e-01 1.924123999999999945e+00 1.499999110240999856e-01 -6.217420004873477346e-01
1.639946326310000035e-01 1.924123999999999945e+00 1.500004751633999822e-01 -6.130285790430854975e-01
2.217194594590000123e-01 1.924123999999999945e+00 1.499996516678999969e-01 -6.129620631333416725e-01
2.856609930310000101e-01 1.924123999999999945e+00 1.500003312096000185e-01 -6.115665269119258118e-01
3.543911816017999983e-01 1.924123999999999945e+00 1.500004611882999883e-01 -6.107848352772746736e-01
4.263726621700000274e-01 1.924123999999999945e+00 1.500000012747000067e-01 -6.083525020196767219e-01
5.000001794846999914e-01 1.924123999999999945e+00 1.499997126825000082e-01 -6.069736617475756102e-01
5.736267119915000601e-01 1.924123999999999945e+00 1.499995977384999957e-01 -6.047533386993241278e-01
6.456093510156999393e-01 1.924123999999999945e+00 1.499999489845000034e-01 -6.047294220823888899e-01
7.143385547787000078e-01 1.924123999999999945e+00 1.500002526112999834e-01 -6.073068697877040956e-01
7.782799147025999398e-01 1.924123999999999945e+00 1.499999473453999810e-01 -6.102808653461004873e-01
8.360049151786999033e-01 1.924123999999999945e+00 1.500001086574999920e-01 -6.118982776639382282e-01
8.862247643287000098e-01 1.924123999999999945e+00 1.499995143409000031e-01 -6.135436840589214569e-01
9.278167506793999486e-01 1.924123999999999945e+00 1.500001513837000144e-01 -6.165734958627326900e-01
9.598514704838000400e-01 1.924123999999999945e+00 1.500003842047000213e-01 -6.213729401159473476e-01
9.816140867096999623e-01 1.924123999999999945e+00 1.500003449595000149e-01 -6.296351695021339401e-01
9.926182899965999562e-01 1.924123999999999945e+00 1.500004872742000117e-01 -6.410439084401488019e-01
7.381257813095999827e-03 1.957271999999999901e+00 1.500000965467999936e-01 -6.702606778862020276e-01
1.838546110000999906e-02 1.957271999999999901e+00 1.500002388613999871e-01 -6.554409110225640767e-01
4.014807732596999829e-02 1.957271999999999901e+00 1.500001996162999840e-01 -6.451675785531708618e-01
7.218378193812000077e-02 1.957271999999999901e+00 1.500002587891000050e-01 -6.403033382232136139e-01
1.137755946406000113e-01 1.957271999999999901e+00 1.499999110240999856e-01 -6.353861746539940514e-01
1.639946326310000035e-01 1.957271999999999901e+00 1.500004751633999822e-01 -6.307805443906642218e-01
2.217194594590000123e-01 1.957271999999999901e+00 1.499996516678999969e-01 -6.283020977408420027e-01
2.856609930310000101e-01 1.957271999999999901e+00 1.500003312096000185e-01 -6.289195970397625235e-01
3.543911816017999983e-01 1.957271999999999901e+00 1.500004611882999883e-01 -6.321853673905386550e-01
4.263726621700000274e-01 1.957271999999999901e+00 1.500000012747000067e-01 -6.292837887506532724e-01
5.000001794846999914e-01 1.957271999999999901e+00 1.499997126825000082e-01 -6.322881885699985771e-01
5.736267119915000601e-01 1.957271999999999901e+00 1.499995977384999957e-01 -6.306797883458927778e-01
6.456093510156999393e-01 1.957271999999999901e+00 1.499999489845000034e-01 -6.295860121937099096e-01
7.143385547787000078e-01 1.957271999999999901e+00 1.500002526112999834e-01 -6.267157080071207309e-01
7.782799147025999398e-01 1.957271999999999901e+00 1.499999473453999810e-01 -6.286898877519118134e-01
8.360049151786999033e-01 1.957271999999999901e+00 1.500001086574999920e-01 -6.305150180045133723e-01
8.862247643287000098e-01 1.957271999999999901e+00 1.499995143409000031e-01 -6.285581457718674159e-01
9.278167506793999486e-01 1.957271999999999901e+00 1.500001513837000144e-01 -6.305984134563665799e-01
9.598514704838000400e-01 1.957271999999999901e+00 1.500003842047000213e-01 -6.347154835706757536e-01
9.816140867096999623e-01 1.957271999999999901e+00 1.500003449595000149e-01 -6.370799049270294834e-01
9.926182899965999562e-01 1.957271999999999901e+00 1.500004872742000117e-01 -6.478254568778528677e-01
7.381257813095999827e-03 1.979475000000000096e+00 1.500000965467999936e-01 -7.137168860435447737e-01
1.838546110000999906e-02 1.979475000000000096e+00 1.500002388613999871e-01 -6.758914504016892977e-01
4.014807732596999829e-02 1.979475000000000096e+00 1.500001996162999840e-01 -6.560148041569231481e-01
7.218378193812000077e-02 1.979475000000000096e+00 1.500002587891000050e-01 -6.552009892143964009e-01
1.137755946406000113e-01 1.979475000000000096e+00 1.499999110240999856e-01 -6.605390330676647048e-01
1.639946326310000035e-01 1.979475000000000096e+00 1.500004751633999822e-01 -6.550068730160006902e-01
2.217194594590000123e-01 1.979475000000000096e+00 1.499996516678999969e-01 -6.578793304826501265e-01
2.856609930310000101e-01 1.979475000000000096e+00 1.500003312096000185e-01 -6.616354809955512506e-01
3.543911816017999983e-01 1.979475000000000096e+00 1.500004611882999883e-01 -6.507847001836256640e-01
4.263726621700000274e-01 1.979475000000000096e+00 1.500000012747000067e-01 -6.585095184424462067e-01
5.000001794846999914e-01 1.979475000000000096e+00 1.499997126825000082e-01 -6.620554468496796519e-01
5.736267119915000601e-01 1.979475000000000096e+00 1.499995977384999957e-01 -6.617510662445884595e-01
6.456093510156999393e-01 1.979475000000000096e+00 1.499999489845000034e-01 -6.551865689783792357e-01
7.143385547787000078e-01 1.979475000000000096e+00 1.500002526112999834e-01 -6.625121965934898105e-01
7.782799147025999398e-01 1.979475000000000096e+00 1.499999473453999810e-01 -6.556905821809410062e-01
8.360049151786999033e-01 1.979475000000000096e+00 1.500001086574999920e-01 -6.550075377526014542e-01
8.862247643287000098e-01 1.979475000000000096e+00 1.499995143409000031e-01 -6.564048339680612631e-01
9.278167506793999486e-01 1.979475000000000096e+00 1.500001513837000144e-01 -6.523012597514793454e-01
9.598514704838000400e-01 1.979475000000000096e+00 1.500003842047000213e-01 -6.435718676348345380e-01
9.816140867096999623e-01 1.979475000000000096e+00 1.500003449595000149e-01 -6.541698645696086833e-01
9.926182899965999562e-01 1.979475000000000096e+00 1.500004872742000117e-01 -6.600513814760315956e-01
7.381257813095999827e-03 1.990607000000000015e+00 1.500000965467999936e-01 -7.819617207542930437e-01
1.838546110000999906e-02 1.990607000000000015e+00 1.500002388613999871e-01 -7.217299297824769644e-01
4.014807732596999829e-02 1.990607000000000015e+00 1.500001996162999840e-01 -7.079348208734325132e-01
7.218378193812000077e-02 1.990607000000000015e+00 1.500002587891000050e-01 -6.816011175366211150e-01
1.137755946406000113e-01 1.990607000000000015e+00 1.499999110240999856e-01 -6.908386524686197516e-01
1.639946326310000035e-01 1.990607000000000015e+00 1.500004751633999822e-01 -6.846470580490556790e-01
2.217194594590000123e-01 1.990607000000000015e+00 1.499996516678999969e-01 -6.843688511652580297e-01
2.856609930310000101e-01 1.990607000000000015e+00 1.500003312096000185e-01 -6.897989663924602999e-01
3.543911816017999983e-01 1.990607000000000015e+00 1.500004611882999883e-01 -6.849292367416067728e-01
4.263726621700000274e-01 1.990607000000000015e+00 1.500000012747000067e-01 -6.833590873677030109e-01
5.000001794846999914e-01 1.990607000000000015e+00 1.499997126825000082e-01 -6.797471263320692403e-01
5.736267119915000601e-01 1.990607000000000015e+00 1.499995977384999957e-01 -6.834331508929613053e-01
6.456093510156999393e-01 1.990607000000000015e+00 1.499999489845000034e-01 -6.823285863680015328e-01
7.143385547787000078e-01 1.990607000000000015e+00 1.500002526112999834e-01 -6.900314112557526247e-01
7.782799147025999398e-01 1.990607000000000015e+00 1.499999473453999810e-01 -6.862151256860166137e-01
8.360049151786999033e-01 1.990607000000000015e+00 1.500001086574999920e-01 -6.855561893578926425e-01
8.862247643287000098e-01 1.990607000000000015e+00 1.499995143409000031e-01 -6.835991582192649796e-01
9.278167506793999486e-01 1.990607000000000015e+00 1.500001513837000144e-01 -6.764911263535879904e-01
9.598514704838000400e-01 1.990607000000000015e+00 1.500003842047000213e-01 -6.747864728221512065e-01
9.816140867096999623e-01 1.990607000000000015e+00 1.500003449595000149e-01 -6.755568470901002209e-01
9.926182899965999562e-01 1.990607000000000015e+00 1.500004872742000117e-01 -6.829138710857355354e-01
