# ['# x', 'y', 'z', 'rmsCpNN']
7.381000000000000408e-03 7.448299999999999366e-02 1.499999999999999944e-01 2.781230691170783476e-01
1.838599999999999957e-02 7.448299999999999366e-02 1.499999999999999944e-01 3.187102957428177286e-01
4.014800000000000313e-02 7.448299999999999366e-02 1.499999999999999944e-01 3.527969189804935346e-01
7.218299999999999716e-02 7.448299999999999366e-02 1.499999999999999944e-01 3.368126671816319417e-01
1.137750000000000011e-01 7.448299999999999366e-02 1.499999999999999944e-01 2.950004418860933120e-01
1.639950000000000019e-01 7.448299999999999366e-02 1.499999999999999944e-01 2.218846749789707973e-01
2.217200000000000004e-01 7.448299999999999366e-02 1.499999999999999944e-01 1.845989187714942581e-01
2.856609999999999983e-01 7.448299999999999366e-02 1.499999999999999944e-01 1.575588587348227820e-01
3.543910000000000116e-01 7.448299999999999366e-02 1.499999999999999944e-01 1.320372016121295067e-01
4.263730000000000020e-01 7.448299999999999366e-02 1.499999999999999944e-01 1.091614349643352799e-01
5.000000000000000000e-01 7.448299999999999366e-02 1.499999999999999944e-01 9.335558319293398022e-02
5.736269999999999980e-01 7.448299999999999366e-02 1.499999999999999944e-01 8.402148476825214984e-02
6.456089999999999884e-01 7.448299999999999366e-02 1.499999999999999944e-01 7.750978158025340070e-02
7.143389999999999462e-01 7.448299999999999366e-02 1.499999999999999944e-01 7.261438568105149649e-02
7.782799999999999718e-01 7.448299999999999366e-02 1.499999999999999944e-01 6.990220842693117831e-02
8.360049999999999981e-01 7.448299999999999366e-02 1.499999999999999944e-01 6.702472543026626040e-02
8.862250000000000405e-01 7.448299999999999366e-02 1.499999999999999944e-01 6.487664192708052224e-02
9.278170000000000028e-01 7.448299999999999366e-02 1.499999999999999944e-01 6.388294009189392220e-02
9.598520000000000385e-01 7.448299999999999366e-02 1.499999999999999944e-01 6.674436912424522306e-02
9.816139999999999866e-01 7.448299999999999366e-02 1.499999999999999944e-01 7.272005133484214789e-02
9.926190000000000291e-01 7.448299999999999366e-02 1.499999999999999944e-01 7.726162554332850763e-02
7.381000000000000408e-03 2.230330000000000090e-01 1.499999999999999944e-01 2.717572367045608672e-01
1.838599999999999957e-02 2.230330000000000090e-01 1.499999999999999944e-01 2.656693625738158482e-01
4.014800000000000313e-02 2.230330000000000090e-01 1.499999999999999944e-01 2.974544304303967102e-01
7.218299999999999716e-02 2.230330000000000090e-01 1.499999999999999944e-01 3.047400594908408200e-01
1.137750000000000011e-01 2.230330000000000090e-01 1.499999999999999944e-01 2.943088999643613257e-01
1.639950000000000019e-01 2.230330000000000090e-01 1.499999999999999944e-01 2.807751370459698470e-01
2.217200000000000004e-01 2.230330000000000090e-01 1.499999999999999944e-01 2.420636886392067144e-01
2.856609999999999983e-01 2.230330000000000090e-01 1.499999999999999944e-01 2.089257591037224637e-01
3.543910000000000116e-01 2.230330000000000090e-01 1.499999999999999944e-01 1.729033263732400738e-01
4.263730000000000020e-01 2.230330000000000090e-01 1.499999999999999944e-01 1.417561685469876376e-01
5.000000000000000000e-01 2.230330000000000090e-01 1.499999999999999944e-01 1.173776254468085062e-01
5.736269999999999980e-01 2.230330000000000090e-01 1.499999999999999944e-01 9.971301461939240107e-02
6.456089999999999884e-01 2.230330000000000090e-01 1.499999999999999944e-01 8.734232628014738931e-02
7.143389999999999462e-01 2.230330000000000090e-01 1.499999999999999944e-01 7.866107944868641622e-02
7.782799999999999718e-01 2.230330000000000090e-01 1.499999999999999944e-01 7.200612672849109053e-02
8.360049999999999981e-01 2.230330000000000090e-01 1.499999999999999944e-01 6.673224895570176174e-02
8.862250000000000405e-01 2.230330000000000090e-01 1.499999999999999944e-01 6.333504414668536531e-02
9.278170000000000028e-01 2.230330000000000090e-01 1.499999999999999944e-01 6.139404723703936057e-02
9.598520000000000385e-01 2.230330000000000090e-01 1.499999999999999944e-01 6.482145838195069176e-02
9.816139999999999866e-01 2.230330000000000090e-01 1.499999999999999944e-01 7.289928943307538711e-02
9.926190000000000291e-01 2.230330000000000090e-01 1.499999999999999944e-01 8.571057519722050100e-02
7.381000000000000408e-03 3.703359999999999985e-01 1.499999999999999944e-01 2.761163499074529293e-01
1.838599999999999957e-02 3.703359999999999985e-01 1.499999999999999944e-01 2.698381853981471901e-01
4.014800000000000313e-02 3.703359999999999985e-01 1.499999999999999944e-01 2.821657377656250354e-01
7.218299999999999716e-02 3.703359999999999985e-01 1.499999999999999944e-01 2.835247712698905631e-01
1.137750000000000011e-01 3.703359999999999985e-01 1.499999999999999944e-01 2.766614700601628951e-01
1.639950000000000019e-01 3.703359999999999985e-01 1.499999999999999944e-01 2.678537876611768453e-01
2.217200000000000004e-01 3.703359999999999985e-01 1.499999999999999944e-01 2.569202783476994822e-01
2.856609999999999983e-01 3.703359999999999985e-01 1.499999999999999944e-01 2.337269514221934907e-01
3.543910000000000116e-01 3.703359999999999985e-01 1.499999999999999944e-01 2.088653923384871103e-01
4.263730000000000020e-01 3.703359999999999985e-01 1.499999999999999944e-01 1.790568882697421149e-01
5.000000000000000000e-01 3.703359999999999985e-01 1.499999999999999944e-01 1.504027222502110905e-01
5.736269999999999980e-01 3.703359999999999985e-01 1.499999999999999944e-01 1.231998040966474500e-01
6.456089999999999884e-01 3.703359999999999985e-01 1.499999999999999944e-01 1.061347131922328740e-01
7.143389999999999462e-01 3.703359999999999985e-01 1.499999999999999944e-01 9.342377079106845006e-02
7.782799999999999718e-01 3.703359999999999985e-01 1.499999999999999944e-01 8.281635655418130570e-02
8.360049999999999981e-01 3.703359999999999985e-01 1.499999999999999944e-01 7.686676894759808532e-02
8.862250000000000405e-01 3.703359999999999985e-01 1.499999999999999944e-01 7.107141165871586064e-02
9.278170000000000028e-01 3.703359999999999985e-01 1.499999999999999944e-01 6.674844406646225636e-02
9.598520000000000385e-01 3.703359999999999985e-01 1.499999999999999944e-01 6.862918086306829535e-02
9.816139999999999866e-01 3.703359999999999985e-01 1.499999999999999944e-01 7.484046507494576672e-02
9.926190000000000291e-01 3.703359999999999985e-01 1.499999999999999944e-01 8.874597186846382157e-02
7.381000000000000408e-03 5.155680000000000263e-01 1.499999999999999944e-01 2.620780081890030089e-01
1.838599999999999957e-02 5.155680000000000263e-01 1.499999999999999944e-01 2.532170369978702373e-01
4.014800000000000313e-02 5.155680000000000263e-01 1.499999999999999944e-01 2.626459838597761109e-01
7.218299999999999716e-02 5.155680000000000263e-01 1.499999999999999944e-01 2.788496202718450667e-01
1.137750000000000011e-01 5.155680000000000263e-01 1.499999999999999944e-01 2.757317433573854837e-01
1.639950000000000019e-01 5.155680000000000263e-01 1.499999999999999944e-01 2.694084242197983814e-01
2.217200000000000004e-01 5.155680000000000263e-01 1.499999999999999944e-01 2.608864524055541367e-01
2.856609999999999983e-01 5.155680000000000263e-01 1.499999999999999944e-01 2.402317728313772549e-01
3.543910000000000116e-01 5.155680000000000263e-01 1.499999999999999944e-01 2.150633543003183656e-01
4.263730000000000020e-01 5.155680000000000263e-01 1.499999999999999944e-01 1.937636712612521017e-01
5.000000000000000000e-01 5.155680000000000263e-01 1.499999999999999944e-01 1.708643632088743813e-01
5.736269999999999980e-01 5.155680000000000263e-01 1.499999999999999944e-01 1.451377137500586834e-01
6.456089999999999884e-01 5.155680000000000263e-01 1.499999999999999944e-01 1.209216842955659621e-01
7.143389999999999462e-01 5.155680000000000263e-01 1.499999999999999944e-01 1.058415604189336806e-01
7.782799999999999718e-01 5.155680000000000263e-01 1.499999999999999944e-01 9.381065404720959067e-02
8.360049999999999981e-01 5.155680000000000263e-01 1.499999999999999944e-01 8.655733717982970477e-02
8.862250000000000405e-01 5.155680000000000263e-01 1.499999999999999944e-01 7.929307421135367573e-02
9.278170000000000028e-01 5.155680000000000263e-01 1.499999999999999944e-01 7.373270384777196040e-02
9.598520000000000385e-01 5.155680000000000263e-01 1.499999999999999944e-01 7.445413133934183914e-02
9.816139999999999866e-01 5.155680000000000263e-01 1.499999999999999944e-01 8.076840598387077796e-02
9.926190000000000291e-01 5.155680000000000263e-01 1.499999999999999944e-01 9.559935598637372967e-02
7.381000000000000408e-03 6.579159999999999453e-01 1.499999999999999944e-01 2.363547865566777151e-01
1.838599999999999957e-02 6.579159999999999453e-01 1.499999999999999944e-01 2.467608464990936890e-01
4.014800000000000313e-02 6.579159999999999453e-01 1.499999999999999944e-01 2.648836348440626876e-01
7.218299999999999716e-02 6.579159999999999453e-01 1.499999999999999944e-01 2.801048604434115408e-01
1.137750000000000011e-01 6.579159999999999453e-01 1.499999999999999944e-01 2.796469099032630190e-01
1.639950000000000019e-01 6.579159999999999453e-01 1.499999999999999944e-01 2.743515639549207741e-01
2.217200000000000004e-01 6.579159999999999453e-01 1.499999999999999944e-01 2.638292535765732749e-01
2.856609999999999983e-01 6.579159999999999453e-01 1.499999999999999944e-01 2.514828764683408879e-01
3.543910000000000116e-01 6.579159999999999453e-01 1.499999999999999944e-01 2.243246894912494238e-01
4.263730000000000020e-01 6.579159999999999453e-01 1.499999999999999944e-01 2.029057475598813887e-01
5.000000000000000000e-01 6.579159999999999453e-01 1.499999999999999944e-01 1.783470761986402364e-01
5.736269999999999980e-01 6.579159999999999453e-01 1.499999999999999944e-01 1.545699845820958374e-01
6.456089999999999884e-01 6.579159999999999453e-01 1.499999999999999944e-01 1.365069553565364524e-01
7.143389999999999462e-01 6.579159999999999453e-01 1.499999999999999944e-01 1.201761551204238859e-01
7.782799999999999718e-01 6.579159999999999453e-01 1.499999999999999944e-01 1.067346056282006128e-01
8.360049999999999981e-01 6.579159999999999453e-01 1.499999999999999944e-01 9.652960633011278824e-02
8.862250000000000405e-01 6.579159999999999453e-01 1.499999999999999944e-01 8.867750167874823009e-02
9.278170000000000028e-01 6.579159999999999453e-01 1.499999999999999944e-01 8.162197256968357906e-02
9.598520000000000385e-01 6.579159999999999453e-01 1.499999999999999944e-01 8.185710245922903083e-02
9.816139999999999866e-01 6.579159999999999453e-01 1.499999999999999944e-01 8.753814970081497115e-02
9.926190000000000291e-01 6.579159999999999453e-01 1.499999999999999944e-01 1.044296078989493948e-01
7.381000000000000408e-03 7.965849999999999875e-01 1.499999999999999944e-01 2.649387102296724694e-01
1.838599999999999957e-02 7.965849999999999875e-01 1.499999999999999944e-01 2.633309959883152196e-01
4.014800000000000313e-02 7.965849999999999875e-01 1.499999999999999944e-01 2.650176808918220384e-01
7.218299999999999716e-02 7.965849999999999875e-01 1.499999999999999944e-01 2.797370724481259563e-01
1.137750000000000011e-01 7.965849999999999875e-01 1.499999999999999944e-01 2.802651273321713488e-01
1.639950000000000019e-01 7.965849999999999875e-01 1.499999999999999944e-01 2.814859583528532272e-01
2.217200000000000004e-01 7.965849999999999875e-01 1.499999999999999944e-01 2.755468274607072998e-01
2.856609999999999983e-01 7.965849999999999875e-01 1.499999999999999944e-01 2.555006537812494760e-01
3.543910000000000116e-01 7.965849999999999875e-01 1.499999999999999944e-01 2.365919478742825321e-01
4.263730000000000020e-01 7.965849999999999875e-01 1.499999999999999944e-01 2.201856544999857279e-01
5.000000000000000000e-01 7.965849999999999875e-01 1.499999999999999944e-01 1.979565118411611702e-01
5.736269999999999980e-01 7.965849999999999875e-01 1.499999999999999944e-01 1.754023552356318016e-01
6.456089999999999884e-01 7.965849999999999875e-01 1.499999999999999944e-01 1.528786255744911393e-01
7.143389999999999462e-01 7.965849999999999875e-01 1.499999999999999944e-01 1.374089665071925037e-01
7.782799999999999718e-01 7.965849999999999875e-01 1.499999999999999944e-01 1.247059147347215902e-01
8.360049999999999981e-01 7.965849999999999875e-01 1.499999999999999944e-01 1.139411975475096983e-01
8.862250000000000405e-01 7.965849999999999875e-01 1.499999999999999944e-01 1.027220891786210649e-01
9.278170000000000028e-01 7.965849999999999875e-01 1.499999999999999944e-01 9.179129339238972785e-02
9.598520000000000385e-01 7.965849999999999875e-01 1.499999999999999944e-01 8.926754479978311896e-02
9.816139999999999866e-01 7.965849999999999875e-01 1.499999999999999944e-01 9.410037596056729237e-02
9.926190000000000291e-01 7.965849999999999875e-01 1.499999999999999944e-01 1.096636100086533366e-01
7.381000000000000408e-03 9.307990000000000430e-01 1.499999999999999944e-01 2.643173193375251695e-01
1.838599999999999957e-02 9.307990000000000430e-01 1.499999999999999944e-01 2.707910583787060954e-01
4.014800000000000313e-02 9.307990000000000430e-01 1.499999999999999944e-01 2.731110506480602940e-01
7.218299999999999716e-02 9.307990000000000430e-01 1.499999999999999944e-01 2.873406401620423045e-01
1.137750000000000011e-01 9.307990000000000430e-01 1.499999999999999944e-01 2.847479626790593854e-01
1.639950000000000019e-01 9.307990000000000430e-01 1.499999999999999944e-01 2.859056487578182648e-01
2.217200000000000004e-01 9.307990000000000430e-01 1.499999999999999944e-01 2.730866536137426803e-01
2.856609999999999983e-01 9.307990000000000430e-01 1.499999999999999944e-01 2.591434490003544644e-01
3.543910000000000116e-01 9.307990000000000430e-01 1.499999999999999944e-01 2.452946435177547069e-01
4.263730000000000020e-01 9.307990000000000430e-01 1.499999999999999944e-01 2.301623357058698860e-01
5.000000000000000000e-01 9.307990000000000430e-01 1.499999999999999944e-01 2.097349145305200946e-01
5.736269999999999980e-01 9.307990000000000430e-01 1.499999999999999944e-01 1.838619341683363217e-01
6.456089999999999884e-01 9.307990000000000430e-01 1.499999999999999944e-01 1.629507680374485123e-01
7.143389999999999462e-01 9.307990000000000430e-01 1.499999999999999944e-01 1.456788501667268809e-01
7.782799999999999718e-01 9.307990000000000430e-01 1.499999999999999944e-01 1.318709746028408347e-01
8.360049999999999981e-01 9.307990000000000430e-01 1.499999999999999944e-01 1.182537391916993336e-01
8.862250000000000405e-01 9.307990000000000430e-01 1.499999999999999944e-01 1.093145846528466025e-01
9.278170000000000028e-01 9.307990000000000430e-01 1.499999999999999944e-01 1.001351035876208023e-01
9.598520000000000385e-01 9.307990000000000430e-01 1.499999999999999944e-01 9.356362406078443106e-02
9.816139999999999866e-01 9.307990000000000430e-01 1.499999999999999944e-01 9.663373702259960007e-02
9.926190000000000291e-01 9.307990000000000430e-01 1.499999999999999944e-01 1.043779030011035419e-01
7.381000000000000408e-03 1.059808000000000083e+00 1.499999999999999944e-01 2.318254076988017776e-01
1.838599999999999957e-02 1.059808000000000083e+00 1.499999999999999944e-01 2.485427051319385461e-01
4.014800000000000313e-02 1.059808000000000083e+00 1.499999999999999944e-01 2.670107060361534557e-01
7.218299999999999716e-02 1.059808000000000083e+00 1.499999999999999944e-01 2.810716523722087135e-01
1.137750000000000011e-01 1.059808000000000083e+00 1.499999999999999944e-01 2.850555200767663222e-01
1.639950000000000019e-01 1.059808000000000083e+00 1.499999999999999944e-01 2.836894581542215299e-01
2.217200000000000004e-01 1.059808000000000083e+00 1.499999999999999944e-01 2.719333413193381066e-01
2.856609999999999983e-01 1.059808000000000083e+00 1.499999999999999944e-01 2.561139027179800132e-01
3.543910000000000116e-01 1.059808000000000083e+00 1.499999999999999944e-01 2.399517318042276581e-01
4.263730000000000020e-01 1.059808000000000083e+00 1.499999999999999944e-01 2.220081626961649957e-01
5.000000000000000000e-01 1.059808000000000083e+00 1.499999999999999944e-01 2.062569926944864684e-01
5.736269999999999980e-01 1.059808000000000083e+00 1.499999999999999944e-01 1.886586922440113556e-01
6.456089999999999884e-01 1.059808000000000083e+00 1.499999999999999944e-01 1.704463215903565254e-01
7.143389999999999462e-01 1.059808000000000083e+00 1.499999999999999944e-01 1.510279629999934925e-01
7.782799999999999718e-01 1.059808000000000083e+00 1.499999999999999944e-01 1.374412058236218759e-01
8.360049999999999981e-01 1.059808000000000083e+00 1.499999999999999944e-01 1.239789123471283505e-01
8.862250000000000405e-01 1.059808000000000083e+00 1.499999999999999944e-01 1.119404097379195079e-01
9.278170000000000028e-01 1.059808000000000083e+00 1.499999999999999944e-01 1.028617692083573509e-01
9.598520000000000385e-01 1.059808000000000083e+00 1.499999999999999944e-01 1.002245428161240015e-01
9.816139999999999866e-01 1.059808000000000083e+00 1.499999999999999944e-01 1.042941993125095224e-01
9.926190000000000291e-01 1.059808000000000083e+00 1.499999999999999944e-01 1.284563824234978835e-01
7.381000000000000408e-03 1.182889999999999997e+00 1.499999999999999944e-01 2.712042926101150275e-01
1.838599999999999957e-02 1.182889999999999997e+00 1.499999999999999944e-01 2.554861827714219880e-01
4.014800000000000313e-02 1.182889999999999997e+00 1.499999999999999944e-01 2.592036209826066862e-01
7.218299999999999716e-02 1.182889999999999997e+00 1.499999999999999944e-01 2.871573757343169331e-01
1.137750000000000011e-01 1.182889999999999997e+00 1.499999999999999944e-01 2.889641629826252833e-01
1.639950000000000019e-01 1.182889999999999997e+00 1.499999999999999944e-01 2.845617191254922740e-01
2.217200000000000004e-01 1.182889999999999997e+00 1.499999999999999944e-01 2.699475396915481662e-01
2.856609999999999983e-01 1.182889999999999997e+00 1.499999999999999944e-01 2.567920343229384006e-01
3.543910000000000116e-01 1.182889999999999997e+00 1.499999999999999944e-01 2.407787988681553415e-01
4.263730000000000020e-01 1.182889999999999997e+00 1.499999999999999944e-01 2.255626099411121022e-01
5.000000000000000000e-01 1.182889999999999997e+00 1.499999999999999944e-01 2.086012396268897007e-01
5.736269999999999980e-01 1.182889999999999997e+00 1.499999999999999944e-01 1.917613041029370136e-01
6.456089999999999884e-01 1.182889999999999997e+00 1.499999999999999944e-01 1.743377524115300170e-01
7.143389999999999462e-01 1.182889999999999997e+00 1.499999999999999944e-01 1.551944732431963792e-01
7.782799999999999718e-01 1.182889999999999997e+00 1.499999999999999944e-01 1.395785477145398412e-01
8.360049999999999981e-01 1.182889999999999997e+00 1.499999999999999944e-01 1.271393745218463711e-01
8.862250000000000405e-01 1.182889999999999997e+00 1.499999999999999944e-01 1.145488159932711719e-01
9.278170000000000028e-01 1.182889999999999997e+00 1.499999999999999944e-01 1.035214503208146536e-01
9.598520000000000385e-01 1.182889999999999997e+00 1.499999999999999944e-01 9.794136093789033992e-02
9.816139999999999866e-01 1.182889999999999997e+00 1.499999999999999944e-01 1.016908597114156987e-01
9.926190000000000291e-01 1.182889999999999997e+00 1.499999999999999944e-01 1.132762383724050109e-01
7.381000000000000408e-03 1.299357000000000095e+00 1.499999999999999944e-01 2.523312309589043623e-01
1.838599999999999957e-02 1.299357000000000095e+00 1.499999999999999944e-01 2.687192155537429517e-01
4.014800000000000313e-02 1.299357000000000095e+00 1.499999999999999944e-01 2.604600339102862150e-01
7.218299999999999716e-02 1.299357000000000095e+00 1.499999999999999944e-01 2.757722027759178518e-01
1.137750000000000011e-01 1.299357000000000095e+00 1.499999999999999944e-01 2.756786851692666351e-01
1.639950000000000019e-01 1.299357000000000095e+00 1.499999999999999944e-01 2.799374449640876228e-01
2.217200000000000004e-01 1.299357000000000095e+00 1.499999999999999944e-01 2.719850843928491302e-01
2.856609999999999983e-01 1.299357000000000095e+00 1.499999999999999944e-01 2.550946037931097199e-01
3.543910000000000116e-01 1.299357000000000095e+00 1.499999999999999944e-01 2.435007376166831161e-01
4.263730000000000020e-01 1.299357000000000095e+00 1.499999999999999944e-01 2.285300274086157213e-01
5.000000000000000000e-01 1.299357000000000095e+00 1.499999999999999944e-01 2.157589820482223308e-01
5.736269999999999980e-01 1.299357000000000095e+00 1.499999999999999944e-01 1.916434947630715757e-01
6.456089999999999884e-01 1.299357000000000095e+00 1.499999999999999944e-01 1.737606101742413256e-01
7.143389999999999462e-01 1.299357000000000095e+00 1.499999999999999944e-01 1.542338341307608884e-01
7.782799999999999718e-01 1.299357000000000095e+00 1.499999999999999944e-01 1.371162262164342116e-01
8.360049999999999981e-01 1.299357000000000095e+00 1.499999999999999944e-01 1.215572450385077469e-01
8.862250000000000405e-01 1.299357000000000095e+00 1.499999999999999944e-01 1.111972313590631894e-01
9.278170000000000028e-01 1.299357000000000095e+00 1.499999999999999944e-01 1.034522400705079198e-01
9.598520000000000385e-01 1.299357000000000095e+00 1.499999999999999944e-01 9.976235257013679747e-02
9.816139999999999866e-01 1.299357000000000095e+00 1.499999999999999944e-01 1.037370764958076147e-01
9.926190000000000291e-01 1.299357000000000095e+00 1.499999999999999944e-01 1.123772076934063113e-01
7.381000000000000408e-03 1.408557000000000059e+00 1.499999999999999944e-01 2.687076464454304370e-01
1.838599999999999957e-02 1.408557000000000059e+00 1.499999999999999944e-01 2.432032706595895766e-01
4.014800000000000313e-02 1.408557000000000059e+00 1.499999999999999944e-01 2.558060243484884255e-01
7.218299999999999716e-02 1.408557000000000059e+00 1.499999999999999944e-01 2.824552884498865990e-01
1.137750000000000011e-01 1.408557000000000059e+00 1.499999999999999944e-01 2.804856452673450962e-01
1.639950000000000019e-01 1.408557000000000059e+00 1.499999999999999944e-01 2.853354942115643444e-01
2.217200000000000004e-01 1.408557000000000059e+00 1.499999999999999944e-01 2.758743754929207648e-01
2.856609999999999983e-01 1.408557000000000059e+00 1.499999999999999944e-01 2.582937172306434270e-01
3.543910000000000116e-01 1.408557000000000059e+00 1.499999999999999944e-01 2.429849778251964298e-01
4.263730000000000020e-01 1.408557000000000059e+00 1.499999999999999944e-01 2.312229899979341974e-01
5.000000000000000000e-01 1.408557000000000059e+00 1.499999999999999944e-01 2.127093227435233602e-01
5.736269999999999980e-01 1.408557000000000059e+00 1.499999999999999944e-01 1.928630223648367947e-01
6.456089999999999884e-01 1.408557000000000059e+00 1.499999999999999944e-01 1.717864691703522850e-01
7.143389999999999462e-01 1.408557000000000059e+00 1.499999999999999944e-01 1.615711586021658097e-01
7.782799999999999718e-01 1.408557000000000059e+00 1.499999999999999944e-01 1.425193020802281996e-01
8.360049999999999981e-01 1.408557000000000059e+00 1.499999999999999944e-01 1.270680129635829436e-01
8.862250000000000405e-01 1.408557000000000059e+00 1.499999999999999944e-01 1.170414822499290658e-01
9.278170000000000028e-01 1.408557000000000059e+00 1.499999999999999944e-01 1.062912858049177428e-01
9.598520000000000385e-01 1.408557000000000059e+00 1.499999999999999944e-01 1.013068055972207865e-01
9.816139999999999866e-01 1.408557000000000059e+00 1.499999999999999944e-01 1.060357282413773444e-01
9.926190000000000291e-01 1.408557000000000059e+00 1.499999999999999944e-01 1.135471527847553147e-01
7.381000000000000408e-03 1.509880000000000111e+00 1.499999999999999944e-01 2.615883924115923742e-01
1.838599999999999957e-02 1.509880000000000111e+00 1.499999999999999944e-01 2.536146684193341660e-01
4.014800000000000313e-02 1.509880000000000111e+00 1.499999999999999944e-01 2.642611884772708142e-01
7.218299999999999716e-02 1.509880000000000111e+00 1.499999999999999944e-01 2.825279682906879919e-01
1.137750000000000011e-01 1.509880000000000111e+00 1.499999999999999944e-01 2.838488165654389217e-01
1.639950000000000019e-01 1.509880000000000111e+00 1.499999999999999944e-01 2.830966702137812652e-01
2.217200000000000004e-01 1.509880000000000111e+00 1.499999999999999944e-01 2.732546657125983214e-01
2.856609999999999983e-01 1.509880000000000111e+00 1.499999999999999944e-01 2.585784578611971529e-01
3.543910000000000116e-01 1.509880000000000111e+00 1.499999999999999944e-01 2.441057684665357275e-01
4.263730000000000020e-01 1.509880000000000111e+00 1.499999999999999944e-01 2.270851077287895370e-01
5.000000000000000000e-01 1.509880000000000111e+00 1.499999999999999944e-01 2.063027288235600443e-01
5.736269999999999980e-01 1.509880000000000111e+00 1.499999999999999944e-01 1.835418601583432840e-01
6.456089999999999884e-01 1.509880000000000111e+00 1.499999999999999944e-01 1.603316354288590873e-01
7.143389999999999462e-01 1.509880000000000111e+00 1.499999999999999944e-01 1.432973777599987897e-01
7.782799999999999718e-01 1.509880000000000111e+00 1.499999999999999944e-01 1.336430828786036862e-01
8.360049999999999981e-01 1.509880000000000111e+00 1.499999999999999944e-01 1.199637552987168759e-01
8.862250000000000405e-01 1.509880000000000111e+00 1.499999999999999944e-01 1.145575719604698534e-01
9.278170000000000028e-01 1.509880000000000111e+00 1.499999999999999944e-01 1.053302818303272076e-01
9.598520000000000385e-01 1.509880000000000111e+00 1.499999999999999944e-01 1.037490948683940234e-01
9.816139999999999866e-01 1.509880000000000111e+00 1.499999999999999944e-01 1.104239314812734130e-01
9.926190000000000291e-01 1.509880000000000111e+00 1.499999999999999944e-01 1.280500565033197979e-01
7.381000000000000408e-03 1.602759000000000045e+00 1.499999999999999944e-01 2.722925031184358913e-01
1.838599999999999957e-02 1.602759000000000045e+00 1.499999999999999944e-01 2.726990816478446766e-01
4.014800000000000313e-02 1.602759000000000045e+00 1.499999999999999944e-01 2.700324364441999414e-01
7.218299999999999716e-02 1.602759000000000045e+00 1.499999999999999944e-01 2.866969209793755469e-01
1.137750000000000011e-01 1.602759000000000045e+00 1.499999999999999944e-01 2.893457076909418668e-01
1.639950000000000019e-01 1.602759000000000045e+00 1.499999999999999944e-01 2.886632103781668901e-01
2.217200000000000004e-01 1.602759000000000045e+00 1.499999999999999944e-01 2.783602481856311539e-01
2.856609999999999983e-01 1.602759000000000045e+00 1.499999999999999944e-01 2.607922984146322509e-01
3.543910000000000116e-01 1.602759000000000045e+00 1.499999999999999944e-01 2.407753510128720353e-01
4.263730000000000020e-01 1.602759000000000045e+00 1.499999999999999944e-01 2.211744933250050504e-01
5.000000000000000000e-01 1.602759000000000045e+00 1.499999999999999944e-01 1.987103597689466317e-01
5.736269999999999980e-01 1.602759000000000045e+00 1.499999999999999944e-01 1.712836014262498485e-01
6.456089999999999884e-01 1.602759000000000045e+00 1.499999999999999944e-01 1.538581190475075688e-01
7.143389999999999462e-01 1.602759000000000045e+00 1.499999999999999944e-01 1.389516845621470431e-01
7.782799999999999718e-01 1.602759000000000045e+00 1.499999999999999944e-01 1.268603521203405804e-01
8.360049999999999981e-01 1.602759000000000045e+00 1.499999999999999944e-01 1.151816866820305624e-01
8.862250000000000405e-01 1.602759000000000045e+00 1.499999999999999944e-01 1.086856749761483248e-01
9.278170000000000028e-01 1.602759000000000045e+00 1.499999999999999944e-01 1.016172046691417447e-01
9.598520000000000385e-01 1.602759000000000045e+00 1.499999999999999944e-01 1.002988348586831280e-01
9.816139999999999866e-01 1.602759000000000045e+00 1.499999999999999944e-01 1.051373143735705312e-01
9.926190000000000291e-01 1.602759000000000045e+00 1.499999999999999944e-01 1.232448615979601231e-01
7.381000000000000408e-03 1.686674999999999924e+00 1.499999999999999944e-01 2.418919772215694375e-01
1.838599999999999957e-02 1.686674999999999924e+00 1.499999999999999944e-01 2.470521679171877594e-01
4.014800000000000313e-02 1.686674999999999924e+00 1.499999999999999944e-01 2.566821985853829924e-01
7.218299999999999716e-02 1.686674999999999924e+00 1.499999999999999944e-01 2.860077139449235251e-01
1.137750000000000011e-01 1.686674999999999924e+00 1.499999999999999944e-01 2.905420896792071939e-01
1.639950000000000019e-01 1.686674999999999924e+00 1.499999999999999944e-01 2.879390876842750080e-01
2.217200000000000004e-01 1.686674999999999924e+00 1.499999999999999944e-01 2.791266691172437087e-01
2.856609999999999983e-01 1.686674999999999924e+00 1.499999999999999944e-01 2.586321774379514160e-01
3.543910000000000116e-01 1.686674999999999924e+00 1.499999999999999944e-01 2.311002793276762945e-01
4.263730000000000020e-01 1.686674999999999924e+00 1.499999999999999944e-01 2.120024243292174537e-01
5.000000000000000000e-01 1.686674999999999924e+00 1.499999999999999944e-01 1.844536468279727726e-01
5.736269999999999980e-01 1.686674999999999924e+00 1.499999999999999944e-01 1.676663141381173894e-01
6.456089999999999884e-01 1.686674999999999924e+00 1.499999999999999944e-01 1.478888302743485705e-01
7.143389999999999462e-01 1.686674999999999924e+00 1.499999999999999944e-01 1.295707969538140714e-01
7.782799999999999718e-01 1.686674999999999924e+00 1.499999999999999944e-01 1.170656587219072869e-01
8.360049999999999981e-01 1.686674999999999924e+00 1.499999999999999944e-01 1.067627492189535954e-01
8.862250000000000405e-01 1.686674999999999924e+00 1.499999999999999944e-01 9.895988450275003401e-02
9.278170000000000028e-01 1.686674999999999924e+00 1.499999999999999944e-01 9.369501533536497839e-02
9.598520000000000385e-01 1.686674999999999924e+00 1.499999999999999944e-01 9.601945343044156200e-02
9.816139999999999866e-01 1.686674999999999924e+00 1.499999999999999944e-01 1.043410091534609230e-01
9.926190000000000291e-01 1.686674999999999924e+00 1.499999999999999944e-01 1.276630479649656091e-01
7.381000000000000408e-03 1.761158000000000001e+00 1.499999999999999944e-01 2.437195167456260581e-01
1.838599999999999957e-02 1.761158000000000001e+00 1.499999999999999944e-01 2.441405188356560174e-01
4.014800000000000313e-02 1.761158000000000001e+00 1.499999999999999944e-01 2.713447934987042176e-01
7.218299999999999716e-02 1.761158000000000001e+00 1.499999999999999944e-01 2.833803182077895833e-01
1.137750000000000011e-01 1.761158000000000001e+00 1.499999999999999944e-01 2.905613635366047220e-01
1.639950000000000019e-01 1.761158000000000001e+00 1.499999999999999944e-01 2.842763939739255119e-01
2.217200000000000004e-01 1.761158000000000001e+00 1.499999999999999944e-01 2.710415445042042015e-01
2.856609999999999983e-01 1.761158000000000001e+00 1.499999999999999944e-01 2.520237433572631858e-01
3.543910000000000116e-01 1.761158000000000001e+00 1.499999999999999944e-01 2.280645534526550000e-01
4.263730000000000020e-01 1.761158000000000001e+00 1.499999999999999944e-01 2.046111606552845075e-01
5.000000000000000000e-01 1.761158000000000001e+00 1.499999999999999944e-01 1.789657862785729858e-01
5.736269999999999980e-01 1.761158000000000001e+00 1.499999999999999944e-01 1.559487181153518254e-01
6.456089999999999884e-01 1.761158000000000001e+00 1.499999999999999944e-01 1.368367055433704349e-01
7.143389999999999462e-01 1.761158000000000001e+00 1.499999999999999944e-01 1.206554744593717476e-01
7.782799999999999718e-01 1.761158000000000001e+00 1.499999999999999944e-01 1.085719789608268204e-01
8.360049999999999981e-01 1.761158000000000001e+00 1.499999999999999944e-01 9.943160609708494302e-02
8.862250000000000405e-01 1.761158000000000001e+00 1.499999999999999944e-01 9.276410877715096648e-02
9.278170000000000028e-01 1.761158000000000001e+00 1.499999999999999944e-01 8.825015829812732360e-02
9.598520000000000385e-01 1.761158000000000001e+00 1.499999999999999944e-01 9.057052892297051683e-02
9.816139999999999866e-01 1.761158000000000001e+00 1.499999999999999944e-01 1.000934483824877097e-01
9.926190000000000291e-01 1.761158000000000001e+00 1.499999999999999944e-01 1.359507213371272671e-01
7.381000000000000408e-03 1.825792000000000082e+00 1.499999999999999944e-01 2.791669493617382480e-01
1.838599999999999957e-02 1.825792000000000082e+00 1.499999999999999944e-01 2.728858891038166701e-01
4.014800000000000313e-02 1.825792000000000082e+00 1.499999999999999944e-01 2.685183150799870244e-01
7.218299999999999716e-02 1.825792000000000082e+00 1.499999999999999944e-01 2.886169598645728085e-01
1.137750000000000011e-01 1.825792000000000082e+00 1.499999999999999944e-01 2.906896137805382030e-01
1.639950000000000019e-01 1.825792000000000082e+00 1.499999999999999944e-01 2.834931504121892543e-01
2.217200000000000004e-01 1.825792000000000082e+00 1.499999999999999944e-01 2.683929342755561609e-01
2.856609999999999983e-01 1.825792000000000082e+00 1.499999999999999944e-01 2.487673862699822935e-01
3.543910000000000116e-01 1.825792000000000082e+00 1.499999999999999944e-01 2.213071196386532380e-01
4.263730000000000020e-01 1.825792000000000082e+00 1.499999999999999944e-01 1.926711315656577106e-01
5.000000000000000000e-01 1.825792000000000082e+00 1.499999999999999944e-01 1.635662929249066810e-01
5.736269999999999980e-01 1.825792000000000082e+00 1.499999999999999944e-01 1.406291546197907805e-01
6.456089999999999884e-01 1.825792000000000082e+00 1.499999999999999944e-01 1.259558684844286347e-01
7.143389999999999462e-01 1.825792000000000082e+00 1.499999999999999944e-01 1.100493229400889977e-01
7.782799999999999718e-01 1.825792000000000082e+00 1.499999999999999944e-01 1.006985387453750158e-01
8.360049999999999981e-01 1.825792000000000082e+00 1.499999999999999944e-01 9.359502512819632691e-02
8.862250000000000405e-01 1.825792000000000082e+00 1.499999999999999944e-01 8.924585127477741020e-02
9.278170000000000028e-01 1.825792000000000082e+00 1.499999999999999944e-01 8.626519523272184464e-02
9.598520000000000385e-01 1.825792000000000082e+00 1.499999999999999944e-01 8.955770084833973577e-02
9.816139999999999866e-01 1.825792000000000082e+00 1.499999999999999944e-01 1.038527692635546479e-01
9.926190000000000291e-01 1.825792000000000082e+00 1.499999999999999944e-01 1.221716466322768785e-01
7.381000000000000408e-03 1.880216000000000109e+00 1.499999999999999944e-01 2.752553874258773514e-01
1.838599999999999957e-02 1.880216000000000109e+00 1.499999999999999944e-01 2.800978935792093893e-01
4.014800000000000313e-02 1.880216000000000109e+00 1.499999999999999944e-01 2.755998251837833979e-01
7.218299999999999716e-02 1.880216000000000109e+00 1.499999999999999944e-01 2.933889649207915840e-01
1.137750000000000011e-01 1.880216000000000109e+00 1.499999999999999944e-01 2.889561851801584202e-01
1.639950000000000019e-01 1.880216000000000109e+00 1.499999999999999944e-01 2.765724791169733576e-01
2.217200000000000004e-01 1.880216000000000109e+00 1.499999999999999944e-01 2.575380049429349949e-01
2.856609999999999983e-01 1.880216000000000109e+00 1.499999999999999944e-01 2.366012798352800095e-01
3.543910000000000116e-01 1.880216000000000109e+00 1.499999999999999944e-01 2.078218516334785493e-01
4.263730000000000020e-01 1.880216000000000109e+00 1.499999999999999944e-01 1.752260135033285593e-01
5.000000000000000000e-01 1.880216000000000109e+00 1.499999999999999944e-01 1.464650555750676986e-01
5.736269999999999980e-01 1.880216000000000109e+00 1.499999999999999944e-01 1.270594914096877526e-01
6.456089999999999884e-01 1.880216000000000109e+00 1.499999999999999944e-01 1.138906880902673668e-01
7.143389999999999462e-01 1.880216000000000109e+00 1.499999999999999944e-01 1.041462494215813217e-01
7.782799999999999718e-01 1.880216000000000109e+00 1.499999999999999944e-01 9.539279218411650385e-02
8.360049999999999981e-01 1.880216000000000109e+00 1.499999999999999944e-01 8.790720718668253164e-02
8.862250000000000405e-01 1.880216000000000109e+00 1.499999999999999944e-01 8.556305265244004699e-02
9.278170000000000028e-01 1.880216000000000109e+00 1.499999999999999944e-01 8.299002716004826030e-02
9.598520000000000385e-01 1.880216000000000109e+00 1.499999999999999944e-01 8.641589341684992320e-02
9.816139999999999866e-01 1.880216000000000109e+00 1.499999999999999944e-01 9.563825675335418941e-02
9.926190000000000291e-01 1.880216000000000109e+00 1.499999999999999944e-01 1.273087020716766882e-01
7.381000000000000408e-03 1.924123999999999945e+00 1.499999999999999944e-01 3.006131852055875520e-01
1.838599999999999957e-02 1.924123999999999945e+00 1.499999999999999944e-01 2.941719885012594737e-01
4.014800000000000313e-02 1.924123999999999945e+00 1.499999999999999944e-01 2.764746452343975758e-01
7.218299999999999716e-02 1.924123999999999945e+00 1.499999999999999944e-01 2.879197898233782360e-01
1.137750000000000011e-01 1.924123999999999945e+00 1.499999999999999944e-01 2.754267414674891334e-01
1.639950000000000019e-01 1.924123999999999945e+00 1.499999999999999944e-01 2.642117389416262507e-01
2.217200000000000004e-01 1.924123999999999945e+00 1.499999999999999944e-01 2.488667578034190475e-01
2.856609999999999983e-01 1.924123999999999945e+00 1.499999999999999944e-01 2.270325957710801479e-01
3.543910000000000116e-01 1.924123999999999945e+00 1.499999999999999944e-01 1.999415432516833124e-01
4.263730000000000020e-01 1.924123999999999945e+00 1.499999999999999944e-01 1.707281985030018323e-01
5.000000000000000000e-01 1.924123999999999945e+00 1.499999999999999944e-01 1.480622240926551536e-01
5.736269999999999980e-01 1.924123999999999945e+00 1.499999999999999944e-01 1.290795496387644459e-01
6.456089999999999884e-01 1.924123999999999945e+00 1.499999999999999944e-01 1.147478832443419583e-01
7.143389999999999462e-01 1.924123999999999945e+00 1.499999999999999944e-01 1.056685793622746394e-01
7.782799999999999718e-01 1.924123999999999945e+00 1.499999999999999944e-01 9.722881326380437839e-02
8.360049999999999981e-01 1.924123999999999945e+00 1.499999999999999944e-01 9.093411770838853714e-02
8.862250000000000405e-01 1.924123999999999945e+00 1.499999999999999944e-01 8.691167333750242363e-02
9.278170000000000028e-01 1.924123999999999945e+00 1.499999999999999944e-01 8.271168009127827236e-02
9.598520000000000385e-01 1.924123999999999945e+00 1.499999999999999944e-01 8.565541812864946314e-02
9.816139999999999866e-01 1.924123999999999945e+00 1.499999999999999944e-01 9.205309831189613379e-02
9.926190000000000291e-01 1.924123999999999945e+00 1.499999999999999944e-01 1.069584895326575469e-01
7.381000000000000408e-03 1.957271999999999901e+00 1.499999999999999944e-01 3.002504469405247178e-01
1.838599999999999957e-02 1.957271999999999901e+00 1.499999999999999944e-01 3.004956915546023177e-01
4.014800000000000313e-02 1.957271999999999901e+00 1.499999999999999944e-01 2.752966582124804495e-01
7.218299999999999716e-02 1.957271999999999901e+00 1.499999999999999944e-01 2.850184077577510022e-01
1.137750000000000011e-01 1.957271999999999901e+00 1.499999999999999944e-01 2.717497080621821270e-01
1.639950000000000019e-01 1.957271999999999901e+00 1.499999999999999944e-01 2.585821449593631027e-01
2.217200000000000004e-01 1.957271999999999901e+00 1.499999999999999944e-01 2.439912202364030169e-01
2.856609999999999983e-01 1.957271999999999901e+00 1.499999999999999944e-01 2.250443196788429745e-01
3.543910000000000116e-01 1.957271999999999901e+00 1.499999999999999944e-01 1.975150220869914264e-01
4.263730000000000020e-01 1.957271999999999901e+00 1.499999999999999944e-01 1.778776335873958336e-01
5.000000000000000000e-01 1.957271999999999901e+00 1.499999999999999944e-01 1.515833454440582706e-01
5.736269999999999980e-01 1.957271999999999901e+00 1.499999999999999944e-01 1.329610618839943137e-01
6.456089999999999884e-01 1.957271999999999901e+00 1.499999999999999944e-01 1.207898480039586303e-01
7.143389999999999462e-01 1.957271999999999901e+00 1.499999999999999944e-01 1.055130950805625439e-01
7.782799999999999718e-01 1.957271999999999901e+00 1.499999999999999944e-01 9.610908525806168001e-02
8.360049999999999981e-01 1.957271999999999901e+00 1.499999999999999944e-01 9.091207881207680197e-02
8.862250000000000405e-01 1.957271999999999901e+00 1.499999999999999944e-01 8.547091691274455449e-02
9.278170000000000028e-01 1.957271999999999901e+00 1.499999999999999944e-01 8.186444056621690335e-02
9.598520000000000385e-01 1.957271999999999901e+00 1.499999999999999944e-01 8.261008345664713759e-02
9.816139999999999866e-01 1.957271999999999901e+00 1.499999999999999944e-01 9.007564290715457112e-02
9.926190000000000291e-01 1.957271999999999901e+00 1.499999999999999944e-01 1.077250438562976087e-01
7.381000000000000408e-03 1.979475000000000096e+00 1.499999999999999944e-01 2.579220331534562427e-01
1.838599999999999957e-02 1.979475000000000096e+00 1.499999999999999944e-01 2.599688632006047495e-01
4.014800000000000313e-02 1.979475000000000096e+00 1.499999999999999944e-01 2.737298268160521797e-01
7.218299999999999716e-02 1.979475000000000096e+00 1.499999999999999944e-01 2.813213509232313503e-01
1.137750000000000011e-01 1.979475000000000096e+00 1.499999999999999944e-01 2.727749258502940033e-01
1.639950000000000019e-01 1.979475000000000096e+00 1.499999999999999944e-01 2.625952395895438385e-01
2.217200000000000004e-01 1.979475000000000096e+00 1.499999999999999944e-01 2.553956293921922915e-01
2.856609999999999983e-01 1.979475000000000096e+00 1.499999999999999944e-01 2.411513416677190658e-01
3.543910000000000116e-01 1.979475000000000096e+00 1.499999999999999944e-01 2.265630877180795921e-01
4.263730000000000020e-01 1.979475000000000096e+00 1.499999999999999944e-01 2.138802924208152989e-01
5.000000000000000000e-01 1.979475000000000096e+00 1.499999999999999944e-01 1.869013270632655932e-01
5.736269999999999980e-01 1.979475000000000096e+00 1.499999999999999944e-01 1.635822882066575445e-01
6.456089999999999884e-01 1.979475000000000096e+00 1.499999999999999944e-01 1.485143855089904319e-01
7.143389999999999462e-01 1.979475000000000096e+00 1.499999999999999944e-01 1.289535206050162475e-01
7.782799999999999718e-01 1.979475000000000096e+00 1.499999999999999944e-01 1.140153407601808278e-01
8.360049999999999981e-01 1.979475000000000096e+00 1.499999999999999944e-01 1.086863191308244242e-01
8.862250000000000405e-01 1.979475000000000096e+00 1.499999999999999944e-01 9.962673938971197685e-02
9.278170000000000028e-01 1.979475000000000096e+00 1.499999999999999944e-01 9.319857039667235610e-02
9.598520000000000385e-01 1.979475000000000096e+00 1.499999999999999944e-01 9.380631472397941983e-02
9.816139999999999866e-01 1.979475000000000096e+00 1.499999999999999944e-01 1.073047956378376799e-01
9.926190000000000291e-01 1.979475000000000096e+00 1.499999999999999944e-01 1.579836939856271161e-01
7.381000000000000408e-03 1.990607000000000015e+00 1.499999999999999944e-01 2.657554196508493116e-01
1.838599999999999957e-02 1.990607000000000015e+00 1.499999999999999944e-01 2.709301985694361203e-01
4.014800000000000313e-02 1.990607000000000015e+00 1.499999999999999944e-01 2.605831724538975602e-01
7.218299999999999716e-02 1.990607000000000015e+00 1.499999999999999944e-01 2.795109424670797482e-01
1.137750000000000011e-01 1.990607000000000015e+00 1.499999999999999944e-01 2.753168003340616954e-01
1.639950000000000019e-01 1.990607000000000015e+00 1.499999999999999944e-01 2.687665852239555231e-01
2.217200000000000004e-01 1.990607000000000015e+00 1.499999999999999944e-01 2.619894557841275784e-01
2.856609999999999983e-01 1.990607000000000015e+00 1.499999999999999944e-01 2.505803447125884986e-01
3.543910000000000116e-01 1.990607000000000015e+00 1.499999999999999944e-01 2.393525566947401761e-01
4.263730000000000020e-01 1.990607000000000015e+00 1.499999999999999944e-01 2.205958571883271657e-01
5.000000000000000000e-01 1.990607000000000015e+00 1.499999999999999944e-01 2.012213651600338049e-01
5.736269999999999980e-01 1.990607000000000015e+00 1.499999999999999944e-01 1.798116695523800657e-01
6.456089999999999884e-01 1.990607000000000015e+00 1.499999999999999944e-01 1.608677512437264034e-01
7.143389999999999462e-01 1.990607000000000015e+00 1.499999999999999944e-01 1.430384719665226956e-01
7.782799999999999718e-01 1.990607000000000015e+00 1.499999999999999944e-01 1.283402064800040765e-01
8.360049999999999981e-01 1.990607000000000015e+00 1.499999999999999944e-01 1.174134715908133064e-01
8.862250000000000405e-01 1.990607000000000015e+00 1.499999999999999944e-01 1.096128178684580012e-01
9.278170000000000028e-01 1.990607000000000015e+00 1.499999999999999944e-01 1.026674808308262743e-01
9.598520000000000385e-01 1.990607000000000015e+00 1.499999999999999944e-01 1.000772983933036070e-01
9.816139999999999866e-01 1.990607000000000015e+00 1.499999999999999944e-01 1.013638119807191290e-01
9.926190000000000291e-01 1.990607000000000015e+00 1.499999999999999944e-01 1.391823391428294865e-01
