# ['# x', 'y', 'z', 'rmsCpNN']
1.000000000000000000e+00 7.448299999999999366e-02 -1.457519999999999927e-01 8.650021956930654954e-02
1.000000000000000000e+00 7.448299999999999366e-02 -1.281720000000000081e-01 6.664644289244690822e-02
1.000000000000000000e+00 7.448299999999999366e-02 -9.513299999999999534e-02 6.404605442728091014e-02
1.000000000000000000e+00 7.448299999999999366e-02 -5.061899999999999733e-02 5.562876381148539051e-02
1.000000000000000000e+00 7.448299999999999366e-02 0.000000000000000000e+00 4.859974808983531097e-02
1.000000000000000000e+00 7.448299999999999366e-02 5.061899999999999733e-02 5.471236118898181733e-02
1.000000000000000000e+00 7.448299999999999366e-02 9.513299999999999534e-02 6.425970197394968719e-02
1.000000000000000000e+00 7.448299999999999366e-02 1.281720000000000081e-01 6.616621560274654756e-02
1.000000000000000000e+00 7.448299999999999366e-02 1.457519999999999927e-01 8.688919536082695405e-02
1.000000000000000000e+00 2.230330000000000090e-01 -1.457519999999999927e-01 8.860605973486743170e-02
1.000000000000000000e+00 2.230330000000000090e-01 -1.281720000000000081e-01 7.063144782749576633e-02
1.000000000000000000e+00 2.230330000000000090e-01 -9.513299999999999534e-02 6.332179719129560347e-02
1.000000000000000000e+00 2.230330000000000090e-01 -5.061899999999999733e-02 5.285543676008116337e-02
1.000000000000000000e+00 2.230330000000000090e-01 0.000000000000000000e+00 4.664193436615727412e-02
1.000000000000000000e+00 2.230330000000000090e-01 5.061899999999999733e-02 5.305254203883300046e-02
1.000000000000000000e+00 2.230330000000000090e-01 9.513299999999999534e-02 6.411537697911531830e-02
1.000000000000000000e+00 2.230330000000000090e-01 1.281720000000000081e-01 7.062020826437509502e-02
1.000000000000000000e+00 2.230330000000000090e-01 1.457519999999999927e-01 8.832270159957417155e-02
1.000000000000000000e+00 3.703359999999999985e-01 -1.457519999999999927e-01 9.612792279397334994e-02
1.000000000000000000e+00 3.703359999999999985e-01 -1.281720000000000081e-01 7.382833109834756324e-02
1.000000000000000000e+00 3.703359999999999985e-01 -9.513299999999999534e-02 6.546523537727098885e-02
1.000000000000000000e+00 3.703359999999999985e-01 -5.061899999999999733e-02 5.561894683138264572e-02
1.000000000000000000e+00 3.703359999999999985e-01 0.000000000000000000e+00 4.869772283972216564e-02
1.000000000000000000e+00 3.703359999999999985e-01 5.061899999999999733e-02 5.539286552034151934e-02
1.000000000000000000e+00 3.703359999999999985e-01 9.513299999999999534e-02 6.595754945445136963e-02
1.000000000000000000e+00 3.703359999999999985e-01 1.281720000000000081e-01 7.328872182471891927e-02
1.000000000000000000e+00 3.703359999999999985e-01 1.457519999999999927e-01 9.719843700269567566e-02
1.000000000000000000e+00 5.155680000000000263e-01 -1.457519999999999927e-01 9.821929272564786095e-02
1.000000000000000000e+00 5.155680000000000263e-01 -1.281720000000000081e-01 7.867854471605736921e-02
1.000000000000000000e+00 5.155680000000000263e-01 -9.513299999999999534e-02 7.112291886582471079e-02
1.000000000000000000e+00 5.155680000000000263e-01 -5.061899999999999733e-02 5.901750784942189076e-02
1.000000000000000000e+00 5.155680000000000263e-01 0.000000000000000000e+00 5.092477974408907843e-02
1.000000000000000000e+00 5.155680000000000263e-01 5.061899999999999733e-02 5.924661365760970633e-02
1.000000000000000000e+00 5.155680000000000263e-01 9.513299999999999534e-02 7.062583510589685865e-02
1.000000000000000000e+00 5.155680000000000263e-01 1.281720000000000081e-01 7.717723691179689816e-02
1.000000000000000000e+00 5.155680000000000263e-01 1.457519999999999927e-01 9.933330880355793757e-02
1.000000000000000000e+00 6.579159999999999453e-01 -1.457519999999999927e-01 1.037099916120783893e-01
1.000000000000000000e+00 6.579159999999999453e-01 -1.281720000000000081e-01 8.405971938332278126e-02
1.000000000000000000e+00 6.579159999999999453e-01 -9.513299999999999534e-02 7.730995872369099409e-02
1.000000000000000000e+00 6.579159999999999453e-01 -5.061899999999999733e-02 6.374557437666324156e-02
1.000000000000000000e+00 6.579159999999999453e-01 0.000000000000000000e+00 5.457268650201228116e-02
1.000000000000000000e+00 6.579159999999999453e-01 5.061899999999999733e-02 6.399868899826775814e-02
1.000000000000000000e+00 6.579159999999999453e-01 9.513299999999999534e-02 7.701482228847193745e-02
1.000000000000000000e+00 6.579159999999999453e-01 1.281720000000000081e-01 8.247901506696776741e-02
1.000000000000000000e+00 6.579159999999999453e-01 1.457519999999999927e-01 1.021205361617651686e-01
1.000000000000000000e+00 7.965849999999999875e-01 -1.457519999999999927e-01 1.041493027714941177e-01
1.000000000000000000e+00 7.965849999999999875e-01 -1.281720000000000081e-01 8.468186208292524664e-02
1.000000000000000000e+00 7.965849999999999875e-01 -9.513299999999999534e-02 7.391478976680823654e-02
1.000000000000000000e+00 7.965849999999999875e-01 -5.061899999999999733e-02 6.450586168045192859e-02
1.000000000000000000e+00 7.965849999999999875e-01 0.000000000000000000e+00 5.465183706167046906e-02
1.000000000000000000e+00 7.965849999999999875e-01 5.061899999999999733e-02 6.672665426163527924e-02
1.000000000000000000e+00 7.965849999999999875e-01 9.513299999999999534e-02 7.918966331067356368e-02
1.000000000000000000e+00 7.965849999999999875e-01 1.281720000000000081e-01 8.481663876411753289e-02
1.000000000000000000e+00 7.965849999999999875e-01 1.457519999999999927e-01 1.053502181575084740e-01
1.000000000000000000e+00 9.307990000000000430e-01 -1.457519999999999927e-01 9.913368367360447797e-02
1.000000000000000000e+00 9.307990000000000430e-01 -1.281720000000000081e-01 8.537083172006854070e-02
1.000000000000000000e+00 9.307990000000000430e-01 -9.513299999999999534e-02 7.803608682352300430e-02
1.000000000000000000e+00 9.307990000000000430e-01 -5.061899999999999733e-02 6.443463483005577863e-02
1.000000000000000000e+00 9.307990000000000430e-01 0.000000000000000000e+00 5.520131759085197820e-02
1.000000000000000000e+00 9.307990000000000430e-01 5.061899999999999733e-02 6.598145675548153233e-02
1.000000000000000000e+00 9.307990000000000430e-01 9.513299999999999534e-02 8.009168447398452850e-02
1.000000000000000000e+00 9.307990000000000430e-01 1.281720000000000081e-01 8.742993924431900765e-02
1.000000000000000000e+00 9.307990000000000430e-01 1.457519999999999927e-01 1.022378844715587515e-01
1.000000000000000000e+00 1.059808000000000083e+00 -1.457519999999999927e-01 1.029578321873345498e-01
1.000000000000000000e+00 1.059808000000000083e+00 -1.281720000000000081e-01 8.585549862883444516e-02
1.000000000000000000e+00 1.059808000000000083e+00 -9.513299999999999534e-02 7.852583631702171607e-02
1.000000000000000000e+00 1.059808000000000083e+00 -5.061899999999999733e-02 6.558173832435534867e-02
1.000000000000000000e+00 1.059808000000000083e+00 0.000000000000000000e+00 5.545555191877112738e-02
1.000000000000000000e+00 1.059808000000000083e+00 5.061899999999999733e-02 6.777294516597764940e-02
1.000000000000000000e+00 1.059808000000000083e+00 9.513299999999999534e-02 8.100356729983369808e-02
1.000000000000000000e+00 1.059808000000000083e+00 1.281720000000000081e-01 8.742984371395101650e-02
1.000000000000000000e+00 1.059808000000000083e+00 1.457519999999999927e-01 1.053408318449613468e-01
1.000000000000000000e+00 1.182889999999999997e+00 -1.457519999999999927e-01 1.124164839249273684e-01
1.000000000000000000e+00 1.182889999999999997e+00 -1.281720000000000081e-01 8.767678768474673756e-02
1.000000000000000000e+00 1.182889999999999997e+00 -9.513299999999999534e-02 8.181120798067152700e-02
1.000000000000000000e+00 1.182889999999999997e+00 -5.061899999999999733e-02 6.866033928241360718e-02
1.000000000000000000e+00 1.182889999999999997e+00 0.000000000000000000e+00 5.785822826264121893e-02
1.000000000000000000e+00 1.182889999999999997e+00 5.061899999999999733e-02 7.271402692827849679e-02
1.000000000000000000e+00 1.182889999999999997e+00 9.513299999999999534e-02 8.235969876053389482e-02
1.000000000000000000e+00 1.182889999999999997e+00 1.281720000000000081e-01 9.073781339570351212e-02
1.000000000000000000e+00 1.182889999999999997e+00 1.457519999999999927e-01 1.128213162851421369e-01
1.000000000000000000e+00 1.299357000000000095e+00 -1.457519999999999927e-01 1.089833490475150130e-01
1.000000000000000000e+00 1.299357000000000095e+00 -1.281720000000000081e-01 9.156692034872628005e-02
1.000000000000000000e+00 1.299357000000000095e+00 -9.513299999999999534e-02 8.493210579851756536e-02
1.000000000000000000e+00 1.299357000000000095e+00 -5.061899999999999733e-02 7.185704762864791872e-02
1.000000000000000000e+00 1.299357000000000095e+00 0.000000000000000000e+00 5.932471418893896925e-02
1.000000000000000000e+00 1.299357000000000095e+00 5.061899999999999733e-02 7.182795131673160027e-02
1.000000000000000000e+00 1.299357000000000095e+00 9.513299999999999534e-02 8.460220525593374619e-02
1.000000000000000000e+00 1.299357000000000095e+00 1.281720000000000081e-01 9.186271133870371752e-02
1.000000000000000000e+00 1.299357000000000095e+00 1.457519999999999927e-01 1.091735192884467909e-01
1.000000000000000000e+00 1.408557000000000059e+00 -1.457519999999999927e-01 1.126674593214944814e-01
1.000000000000000000e+00 1.408557000000000059e+00 -1.281720000000000081e-01 9.588491516095053180e-02
1.000000000000000000e+00 1.408557000000000059e+00 -9.513299999999999534e-02 8.975299007614080671e-02
1.000000000000000000e+00 1.408557000000000059e+00 -5.061899999999999733e-02 7.302743425241857433e-02
1.000000000000000000e+00 1.408557000000000059e+00 0.000000000000000000e+00 6.112772026955171772e-02
1.000000000000000000e+00 1.408557000000000059e+00 5.061899999999999733e-02 7.213593480990161677e-02
1.000000000000000000e+00 1.408557000000000059e+00 9.513299999999999534e-02 8.605033582951331084e-02
1.000000000000000000e+00 1.408557000000000059e+00 1.281720000000000081e-01 9.487859753113932204e-02
1.000000000000000000e+00 1.408557000000000059e+00 1.457519999999999927e-01 1.114936870143565240e-01
1.000000000000000000e+00 1.509880000000000111e+00 -1.457519999999999927e-01 1.178417165648707465e-01
1.000000000000000000e+00 1.509880000000000111e+00 -1.281720000000000081e-01 9.416770791840593791e-02
1.000000000000000000e+00 1.509880000000000111e+00 -9.513299999999999534e-02 8.861611486883118338e-02
1.000000000000000000e+00 1.509880000000000111e+00 -5.061899999999999733e-02 7.407876203783528291e-02
1.000000000000000000e+00 1.509880000000000111e+00 0.000000000000000000e+00 6.046180845010677707e-02
1.000000000000000000e+00 1.509880000000000111e+00 5.061899999999999733e-02 7.383774388158713398e-02
1.000000000000000000e+00 1.509880000000000111e+00 9.513299999999999534e-02 8.834250602363959148e-02
1.000000000000000000e+00 1.509880000000000111e+00 1.281720000000000081e-01 9.757351720444128185e-02
1.000000000000000000e+00 1.509880000000000111e+00 1.457519999999999927e-01 1.176305507877986045e-01
1.000000000000000000e+00 1.602759000000000045e+00 -1.457519999999999927e-01 1.180864551130566542e-01
1.000000000000000000e+00 1.602759000000000045e+00 -1.281720000000000081e-01 9.570565705330745521e-02
1.000000000000000000e+00 1.602759000000000045e+00 -9.513299999999999534e-02 8.805314931597699180e-02
1.000000000000000000e+00 1.602759000000000045e+00 -5.061899999999999733e-02 7.191469203652503528e-02
1.000000000000000000e+00 1.602759000000000045e+00 0.000000000000000000e+00 6.093956918749257601e-02
1.000000000000000000e+00 1.602759000000000045e+00 5.061899999999999733e-02 7.422834020512815434e-02
1.000000000000000000e+00 1.602759000000000045e+00 9.513299999999999534e-02 8.776251395176642989e-02
1.000000000000000000e+00 1.602759000000000045e+00 1.281720000000000081e-01 9.460974784557221740e-02
1.000000000000000000e+00 1.602759000000000045e+00 1.457519999999999927e-01 1.150820564213056729e-01
1.000000000000000000e+00 1.686674999999999924e+00 -1.457519999999999927e-01 1.166668598653497618e-01
1.000000000000000000e+00 1.686674999999999924e+00 -1.281720000000000081e-01 9.456666886897940882e-02
1.000000000000000000e+00 1.686674999999999924e+00 -9.513299999999999534e-02 8.648913645111033777e-02
1.000000000000000000e+00 1.686674999999999924e+00 -5.061899999999999733e-02 7.177679460950010804e-02
1.000000000000000000e+00 1.686674999999999924e+00 0.000000000000000000e+00 6.073502368950732533e-02
1.000000000000000000e+00 1.686674999999999924e+00 5.061899999999999733e-02 7.218831666267909453e-02
1.000000000000000000e+00 1.686674999999999924e+00 9.513299999999999534e-02 8.590991761267860460e-02
1.000000000000000000e+00 1.686674999999999924e+00 1.281720000000000081e-01 9.170088911348731053e-02
1.000000000000000000e+00 1.686674999999999924e+00 1.457519999999999927e-01 1.125054147691101208e-01
1.000000000000000000e+00 1.761158000000000001e+00 -1.457519999999999927e-01 1.140613785135078245e-01
1.000000000000000000e+00 1.761158000000000001e+00 -1.281720000000000081e-01 9.040268819814976931e-02
1.000000000000000000e+00 1.761158000000000001e+00 -9.513299999999999534e-02 8.367290361881929428e-02
1.000000000000000000e+00 1.761158000000000001e+00 -5.061899999999999733e-02 7.022022632927875374e-02
1.000000000000000000e+00 1.761158000000000001e+00 0.000000000000000000e+00 6.003619406952451221e-02
1.000000000000000000e+00 1.761158000000000001e+00 5.061899999999999733e-02 7.013691313646767955e-02
1.000000000000000000e+00 1.761158000000000001e+00 9.513299999999999534e-02 8.361545974987764918e-02
1.000000000000000000e+00 1.761158000000000001e+00 1.281720000000000081e-01 9.084488765804941968e-02
1.000000000000000000e+00 1.761158000000000001e+00 1.457519999999999927e-01 1.122933920357164911e-01
1.000000000000000000e+00 1.825792000000000082e+00 -1.457519999999999927e-01 1.183341668315433248e-01
1.000000000000000000e+00 1.825792000000000082e+00 -1.281720000000000081e-01 9.098771608558366142e-02
1.000000000000000000e+00 1.825792000000000082e+00 -9.513299999999999534e-02 8.189902926036475572e-02
1.000000000000000000e+00 1.825792000000000082e+00 -5.061899999999999733e-02 7.023910716484745020e-02
1.000000000000000000e+00 1.825792000000000082e+00 0.000000000000000000e+00 6.237693465697309592e-02
1.000000000000000000e+00 1.825792000000000082e+00 5.061899999999999733e-02 7.173488020219918881e-02
1.000000000000000000e+00 1.825792000000000082e+00 9.513299999999999534e-02 8.417743051941427301e-02
1.000000000000000000e+00 1.825792000000000082e+00 1.281720000000000081e-01 9.114683124861629182e-02
1.000000000000000000e+00 1.825792000000000082e+00 1.457519999999999927e-01 1.166109839491360489e-01
1.000000000000000000e+00 1.880216000000000109e+00 -1.457519999999999927e-01 1.258068970363843686e-01
1.000000000000000000e+00 1.880216000000000109e+00 -1.281720000000000081e-01 8.945248082158839542e-02
1.000000000000000000e+00 1.880216000000000109e+00 -9.513299999999999534e-02 8.104146364562764271e-02
1.000000000000000000e+00 1.880216000000000109e+00 -5.061899999999999733e-02 7.486964610128186981e-02
1.000000000000000000e+00 1.880216000000000109e+00 0.000000000000000000e+00 6.954322845027896549e-02
1.000000000000000000e+00 1.880216000000000109e+00 5.061899999999999733e-02 7.900082053367317447e-02
1.000000000000000000e+00 1.880216000000000109e+00 9.513299999999999534e-02 8.767546707947433682e-02
1.000000000000000000e+00 1.880216000000000109e+00 1.281720000000000081e-01 9.200454778787853227e-02
1.000000000000000000e+00 1.880216000000000109e+00 1.457519999999999927e-01 1.240682198005701731e-01
1.000000000000000000e+00 1.924123999999999945e+00 -1.457519999999999927e-01 1.145485410098111972e-01
1.000000000000000000e+00 1.924123999999999945e+00 -1.281720000000000081e-01 9.105616258853975464e-02
1.000000000000000000e+00 1.924123999999999945e+00 -9.513299999999999534e-02 8.585160992724477635e-02
1.000000000000000000e+00 1.924123999999999945e+00 -5.061899999999999733e-02 7.987581890414148511e-02
1.000000000000000000e+00 1.924123999999999945e+00 0.000000000000000000e+00 7.870095936712635798e-02
1.000000000000000000e+00 1.924123999999999945e+00 5.061899999999999733e-02 8.324496045110989229e-02
1.000000000000000000e+00 1.924123999999999945e+00 9.513299999999999534e-02 8.862341855874940333e-02
1.000000000000000000e+00 1.924123999999999945e+00 1.281720000000000081e-01 9.490009727385670391e-02
1.000000000000000000e+00 1.924123999999999945e+00 1.457519999999999927e-01 1.153166535520216002e-01
1.000000000000000000e+00 1.957271999999999901e+00 -1.457519999999999927e-01 1.334327515710208578e-01
1.000000000000000000e+00 1.957271999999999901e+00 -1.281720000000000081e-01 9.344305622258895772e-02
1.000000000000000000e+00 1.957271999999999901e+00 -9.513299999999999534e-02 8.848318084965629826e-02
1.000000000000000000e+00 1.957271999999999901e+00 -5.061899999999999733e-02 8.551288672756143794e-02
1.000000000000000000e+00 1.957271999999999901e+00 0.000000000000000000e+00 8.692678615689782007e-02
1.000000000000000000e+00 1.957271999999999901e+00 5.061899999999999733e-02 8.784863479881864501e-02
1.000000000000000000e+00 1.957271999999999901e+00 9.513299999999999534e-02 9.104274566873256369e-02
1.000000000000000000e+00 1.957271999999999901e+00 1.281720000000000081e-01 9.812730428123087045e-02
1.000000000000000000e+00 1.957271999999999901e+00 1.457519999999999927e-01 1.320861916574716244e-01
1.000000000000000000e+00 1.979475000000000096e+00 -1.457519999999999927e-01 1.136701263569534215e-01
1.000000000000000000e+00 1.979475000000000096e+00 -1.281720000000000081e-01 9.740206492262866445e-02
1.000000000000000000e+00 1.979475000000000096e+00 -9.513299999999999534e-02 9.314704778713896183e-02
1.000000000000000000e+00 1.979475000000000096e+00 -5.061899999999999733e-02 9.037851893000238557e-02
1.000000000000000000e+00 1.979475000000000096e+00 0.000000000000000000e+00 8.933258421042723774e-02
1.000000000000000000e+00 1.979475000000000096e+00 5.061899999999999733e-02 9.331949885775070452e-02
1.000000000000000000e+00 1.979475000000000096e+00 9.513299999999999534e-02 9.658346503920385573e-02
1.000000000000000000e+00 1.979475000000000096e+00 1.281720000000000081e-01 1.001585629555528240e-01
1.000000000000000000e+00 1.979475000000000096e+00 1.457519999999999927e-01 1.171764165029656884e-01
1.000000000000000000e+00 1.990607000000000015e+00 -1.457519999999999927e-01 1.166511459863465716e-01
1.000000000000000000e+00 1.990607000000000015e+00 -1.281720000000000081e-01 1.049092808581947034e-01
1.000000000000000000e+00 1.990607000000000015e+00 -9.513299999999999534e-02 1.040322250522206643e-01
1.000000000000000000e+00 1.990607000000000015e+00 -5.061899999999999733e-02 1.009230005520877216e-01
1.000000000000000000e+00 1.990607000000000015e+00 0.000000000000000000e+00 9.606709064592995617e-02
1.000000000000000000e+00 1.990607000000000015e+00 5.061899999999999733e-02 1.037291999377428636e-01
1.000000000000000000e+00 1.990607000000000015e+00 9.513299999999999534e-02 1.077918739013614818e-01
1.000000000000000000e+00 1.990607000000000015e+00 1.281720000000000081e-01 1.043762957908922623e-01
1.000000000000000000e+00 1.990607000000000015e+00 1.457519999999999927e-01 1.233939142831386587e-01
