# ['# x', 'y', 'z', 'rmsCpNN']
-8.990094462042000329e-09 7.448299999999999366e-02 -1.457510874531000034e-01 2.121182888523686361e-01
-1.275224986102999988e-07 7.448299999999999366e-02 -1.281712669481999967e-01 2.122882660077241579e-01
4.670246250253000181e-08 7.448299999999999366e-02 -9.513256767034000694e-02 1.785656185519387817e-01
4.616507245075999921e-07 7.448299999999999366e-02 -5.061913632847000327e-02 1.599495461034762533e-01
-1.254443282396999944e-07 7.448299999999999366e-02 1.494987288503000064e-07 1.435406502746208179e-01
-6.975177128209999987e-08 7.448299999999999366e-02 5.061866928147999711e-02 1.318734545939794223e-01
-2.975911189641999830e-07 7.448299999999999366e-02 9.513286666780000622e-02 1.191543889607485363e-01
-1.233661578334999893e-07 7.448299999999999366e-02 1.281715659456000023e-01 1.215893310705754571e-01
-2.418985619995999758e-07 7.448299999999999366e-02 1.457513864506000123e-01 1.535576784555614527e-01
-8.990094462042000329e-09 2.230330000000000090e-01 -1.457510874531000034e-01 2.397544251555126238e-01
-1.275224986102999988e-07 2.230330000000000090e-01 -1.281712669481999967e-01 2.387640925925706425e-01
4.670246250253000181e-08 2.230330000000000090e-01 -9.513256767034000694e-02 1.968679927168400789e-01
4.616507245075999921e-07 2.230330000000000090e-01 -5.061913632847000327e-02 1.726211245813228934e-01
-1.254443282396999944e-07 2.230330000000000090e-01 1.494987288503000064e-07 1.507930176032134806e-01
-6.975177128209999987e-08 2.230330000000000090e-01 5.061866928147999711e-02 1.369732732370659567e-01
-2.975911189641999830e-07 2.230330000000000090e-01 9.513286666780000622e-02 1.205470961288043902e-01
-1.233661578334999893e-07 2.230330000000000090e-01 1.281715659456000023e-01 1.172517668280894931e-01
-2.418985619995999758e-07 2.230330000000000090e-01 1.457513864506000123e-01 1.441573759385490761e-01
-8.990094462042000329e-09 3.703359999999999985e-01 -1.457510874531000034e-01 2.387225826646439675e-01
-1.275224986102999988e-07 3.703359999999999985e-01 -1.281712669481999967e-01 2.416389827914532940e-01
4.670246250253000181e-08 3.703359999999999985e-01 -9.513256767034000694e-02 2.028381805093286416e-01
4.616507245075999921e-07 3.703359999999999985e-01 -5.061913632847000327e-02 1.777653569943888900e-01
-1.254443282396999944e-07 3.703359999999999985e-01 1.494987288503000064e-07 1.553896518931484616e-01
-6.975177128209999987e-08 3.703359999999999985e-01 5.061866928147999711e-02 1.395078126664306695e-01
-2.975911189641999830e-07 3.703359999999999985e-01 9.513286666780000622e-02 1.234517832782634494e-01
-1.233661578334999893e-07 3.703359999999999985e-01 1.281715659456000023e-01 1.180527953876722297e-01
-2.418985619995999758e-07 3.703359999999999985e-01 1.457513864506000123e-01 1.457689703897428746e-01
-8.990094462042000329e-09 5.155680000000000263e-01 -1.457510874531000034e-01 2.243703260984097336e-01
-1.275224986102999988e-07 5.155680000000000263e-01 -1.281712669481999967e-01 2.412973724534958619e-01
4.670246250253000181e-08 5.155680000000000263e-01 -9.513256767034000694e-02 2.005637582923845974e-01
4.616507245075999921e-07 5.155680000000000263e-01 -5.061913632847000327e-02 1.739468428194133609e-01
-1.254443282396999944e-07 5.155680000000000263e-01 1.494987288503000064e-07 1.519651848031229879e-01
-6.975177128209999987e-08 5.155680000000000263e-01 5.061866928147999711e-02 1.373719548665331414e-01
-2.975911189641999830e-07 5.155680000000000263e-01 9.513286666780000622e-02 1.193543300423673958e-01
-1.233661578334999893e-07 5.155680000000000263e-01 1.281715659456000023e-01 1.159283076837748783e-01
-2.418985619995999758e-07 5.155680000000000263e-01 1.457513864506000123e-01 1.484852835365122747e-01
-8.990094462042000329e-09 6.579159999999999453e-01 -1.457510874531000034e-01 2.168243334728201521e-01
-1.275224986102999988e-07 6.579159999999999453e-01 -1.281712669481999967e-01 2.364975003882765769e-01
4.670246250253000181e-08 6.579159999999999453e-01 -9.513256767034000694e-02 1.986588463212223821e-01
4.616507245075999921e-07 6.579159999999999453e-01 -5.061913632847000327e-02 1.731163431974217237e-01
-1.254443282396999944e-07 6.579159999999999453e-01 1.494987288503000064e-07 1.525672624361284480e-01
-6.975177128209999987e-08 6.579159999999999453e-01 5.061866928147999711e-02 1.373973371819846023e-01
-2.975911189641999830e-07 6.579159999999999453e-01 9.513286666780000622e-02 1.209751189157047407e-01
-1.233661578334999893e-07 6.579159999999999453e-01 1.281715659456000023e-01 1.166946650816074738e-01
-2.418985619995999758e-07 6.579159999999999453e-01 1.457513864506000123e-01 1.414076168898340258e-01
-8.990094462042000329e-09 7.965849999999999875e-01 -1.457510874531000034e-01 2.394677347296529091e-01
-1.275224986102999988e-07 7.965849999999999875e-01 -1.281712669481999967e-01 2.335535630099066229e-01
4.670246250253000181e-08 7.965849999999999875e-01 -9.513256767034000694e-02 2.006246768809398784e-01
4.616507245075999921e-07 7.965849999999999875e-01 -5.061913632847000327e-02 1.763964700561190257e-01
-1.254443282396999944e-07 7.965849999999999875e-01 1.494987288503000064e-07 1.556743209228640679e-01
-6.975177128209999987e-08 7.965849999999999875e-01 5.061866928147999711e-02 1.413429766668992671e-01
-2.975911189641999830e-07 7.965849999999999875e-01 9.513286666780000622e-02 1.214913410107424374e-01
-1.233661578334999893e-07 7.965849999999999875e-01 1.281715659456000023e-01 1.156586508106546562e-01
-2.418985619995999758e-07 7.965849999999999875e-01 1.457513864506000123e-01 1.478131304786609868e-01
-8.990094462042000329e-09 9.307990000000000430e-01 -1.457510874531000034e-01 2.322239296638771433e-01
-1.275224986102999988e-07 9.307990000000000430e-01 -1.281712669481999967e-01 2.308875805376201795e-01
4.670246250253000181e-08 9.307990000000000430e-01 -9.513256767034000694e-02 1.994083918639051045e-01
4.616507245075999921e-07 9.307990000000000430e-01 -5.061913632847000327e-02 1.763453914605111195e-01
-1.254443282396999944e-07 9.307990000000000430e-01 1.494987288503000064e-07 1.554965449481280071e-01
-6.975177128209999987e-08 9.307990000000000430e-01 5.061866928147999711e-02 1.396040240410824917e-01
-2.975911189641999830e-07 9.307990000000000430e-01 9.513286666780000622e-02 1.220515586757053295e-01
-1.233661578334999893e-07 9.307990000000000430e-01 1.281715659456000023e-01 1.164079463377948459e-01
-2.418985619995999758e-07 9.307990000000000430e-01 1.457513864506000123e-01 1.700194093179856203e-01
-8.990094462042000329e-09 1.059808000000000083e+00 -1.457510874531000034e-01 2.180065704044166497e-01
-1.275224986102999988e-07 1.059808000000000083e+00 -1.281712669481999967e-01 2.342718328617996171e-01
4.670246250253000181e-08 1.059808000000000083e+00 -9.513256767034000694e-02 2.015597770875754702e-01
4.616507245075999921e-07 1.059808000000000083e+00 -5.061913632847000327e-02 1.771143681290209548e-01
-1.254443282396999944e-07 1.059808000000000083e+00 1.494987288503000064e-07 1.560638003244270156e-01
-6.975177128209999987e-08 1.059808000000000083e+00 5.061866928147999711e-02 1.391292803892430763e-01
-2.975911189641999830e-07 1.059808000000000083e+00 9.513286666780000622e-02 1.206563093622800981e-01
-1.233661578334999893e-07 1.059808000000000083e+00 1.281715659456000023e-01 1.184290462984963627e-01
-2.418985619995999758e-07 1.059808000000000083e+00 1.457513864506000123e-01 1.489169692335705342e-01
-8.990094462042000329e-09 1.182889999999999997e+00 -1.457510874531000034e-01 2.302835236943510389e-01
-1.275224986102999988e-07 1.182889999999999997e+00 -1.281712669481999967e-01 2.317566130244618772e-01
4.670246250253000181e-08 1.182889999999999997e+00 -9.513256767034000694e-02 2.032676335662035871e-01
4.616507245075999921e-07 1.182889999999999997e+00 -5.061913632847000327e-02 1.799294238152850389e-01
-1.254443282396999944e-07 1.182889999999999997e+00 1.494987288503000064e-07 1.584395560350499721e-01
-6.975177128209999987e-08 1.182889999999999997e+00 5.061866928147999711e-02 1.435282262446950230e-01
-2.975911189641999830e-07 1.182889999999999997e+00 9.513286666780000622e-02 1.231097847856867100e-01
-1.233661578334999893e-07 1.182889999999999997e+00 1.281715659456000023e-01 1.182718018523432890e-01
-2.418985619995999758e-07 1.182889999999999997e+00 1.457513864506000123e-01 1.952139484537643299e-01
-8.990094462042000329e-09 1.299357000000000095e+00 -1.457510874531000034e-01 2.226496031250834451e-01
-1.275224986102999988e-07 1.299357000000000095e+00 -1.281712669481999967e-01 2.390280849317282796e-01
4.670246250253000181e-08 1.299357000000000095e+00 -9.513256767034000694e-02 2.021695469105725118e-01
4.616507245075999921e-07 1.299357000000000095e+00 -5.061913632847000327e-02 1.785699377419138201e-01
-1.254443282396999944e-07 1.299357000000000095e+00 1.494987288503000064e-07 1.585686526771690752e-01
-6.975177128209999987e-08 1.299357000000000095e+00 5.061866928147999711e-02 1.422151996789371431e-01
-2.975911189641999830e-07 1.299357000000000095e+00 9.513286666780000622e-02 1.236528586122205842e-01
-1.233661578334999893e-07 1.299357000000000095e+00 1.281715659456000023e-01 1.149813436105461134e-01
-2.418985619995999758e-07 1.299357000000000095e+00 1.457513864506000123e-01 1.767477020788552622e-01
-8.990094462042000329e-09 1.408557000000000059e+00 -1.457510874531000034e-01 2.177570120350774130e-01
-1.275224986102999988e-07 1.408557000000000059e+00 -1.281712669481999967e-01 2.358970798757782095e-01
4.670246250253000181e-08 1.408557000000000059e+00 -9.513256767034000694e-02 1.994650717746717095e-01
4.616507245075999921e-07 1.408557000000000059e+00 -5.061913632847000327e-02 1.787458283020912087e-01
-1.254443282396999944e-07 1.408557000000000059e+00 1.494987288503000064e-07 1.571880570398143662e-01
-6.975177128209999987e-08 1.408557000000000059e+00 5.061866928147999711e-02 1.416746815181721131e-01
-2.975911189641999830e-07 1.408557000000000059e+00 9.513286666780000622e-02 1.242451229379864241e-01
-1.233661578334999893e-07 1.408557000000000059e+00 1.281715659456000023e-01 1.175963929420575649e-01
-2.418985619995999758e-07 1.408557000000000059e+00 1.457513864506000123e-01 1.934049030056647911e-01
-8.990094462042000329e-09 1.509880000000000111e+00 -1.457510874531000034e-01 2.044807630765136386e-01
-1.275224986102999988e-07 1.509880000000000111e+00 -1.281712669481999967e-01 2.285424221928137878e-01
4.670246250253000181e-08 1.509880000000000111e+00 -9.513256767034000694e-02 2.015447220535417361e-01
4.616507245075999921e-07 1.509880000000000111e+00 -5.061913632847000327e-02 1.787475326615300952e-01
-1.254443282396999944e-07 1.509880000000000111e+00 1.494987288503000064e-07 1.583413340796064328e-01
-6.975177128209999987e-08 1.509880000000000111e+00 5.061866928147999711e-02 1.421729228113747800e-01
-2.975911189641999830e-07 1.509880000000000111e+00 9.513286666780000622e-02 1.236115486598722696e-01
-1.233661578334999893e-07 1.509880000000000111e+00 1.281715659456000023e-01 1.192227665633678463e-01
-2.418985619995999758e-07 1.509880000000000111e+00 1.457513864506000123e-01 1.962905229836397203e-01
-8.990094462042000329e-09 1.602759000000000045e+00 -1.457510874531000034e-01 2.155576180667437836e-01
-1.275224986102999988e-07 1.602759000000000045e+00 -1.281712669481999967e-01 2.271630767577602350e-01
4.670246250253000181e-08 1.602759000000000045e+00 -9.513256767034000694e-02 2.010686552944892513e-01
4.616507245075999921e-07 1.602759000000000045e+00 -5.061913632847000327e-02 1.819522357596363715e-01
-1.254443282396999944e-07 1.602759000000000045e+00 1.494987288503000064e-07 1.620897365265147050e-01
-6.975177128209999987e-08 1.602759000000000045e+00 5.061866928147999711e-02 1.469539268813118693e-01
-2.975911189641999830e-07 1.602759000000000045e+00 9.513286666780000622e-02 1.248614708342961344e-01
-1.233661578334999893e-07 1.602759000000000045e+00 1.281715659456000023e-01 1.204577626009253333e-01
-2.418985619995999758e-07 1.602759000000000045e+00 1.457513864506000123e-01 1.634069595717173862e-01
-8.990094462042000329e-09 1.686674999999999924e+00 -1.457510874531000034e-01 1.986864931346647156e-01
-1.275224986102999988e-07 1.686674999999999924e+00 -1.281712669481999967e-01 2.225926109753458559e-01
4.670246250253000181e-08 1.686674999999999924e+00 -9.513256767034000694e-02 2.017641304953265435e-01
4.616507245075999921e-07 1.686674999999999924e+00 -5.061913632847000327e-02 1.802114863178610193e-01
-1.254443282396999944e-07 1.686674999999999924e+00 1.494987288503000064e-07 1.629169611393448680e-01
-6.975177128209999987e-08 1.686674999999999924e+00 5.061866928147999711e-02 1.449729848970593427e-01
-2.975911189641999830e-07 1.686674999999999924e+00 9.513286666780000622e-02 1.241220312772980117e-01
-1.233661578334999893e-07 1.686674999999999924e+00 1.281715659456000023e-01 1.200455809624145498e-01
-2.418985619995999758e-07 1.686674999999999924e+00 1.457513864506000123e-01 1.498468488867621407e-01
-8.990094462042000329e-09 1.761158000000000001e+00 -1.457510874531000034e-01 1.964048964371947481e-01
-1.275224986102999988e-07 1.761158000000000001e+00 -1.281712669481999967e-01 2.207280774660623224e-01
4.670246250253000181e-08 1.761158000000000001e+00 -9.513256767034000694e-02 2.006669575214406753e-01
4.616507245075999921e-07 1.761158000000000001e+00 -5.061913632847000327e-02 1.771430796945069885e-01
-1.254443282396999944e-07 1.761158000000000001e+00 1.494987288503000064e-07 1.607115445593894909e-01
-6.975177128209999987e-08 1.761158000000000001e+00 5.061866928147999711e-02 1.453268167893647378e-01
-2.975911189641999830e-07 1.761158000000000001e+00 9.513286666780000622e-02 1.259832247849159703e-01
-1.233661578334999893e-07 1.761158000000000001e+00 1.281715659456000023e-01 1.222080014443561596e-01
-2.418985619995999758e-07 1.761158000000000001e+00 1.457513864506000123e-01 1.626078615877808997e-01
-8.990094462042000329e-09 1.825792000000000082e+00 -1.457510874531000034e-01 1.988242940211973342e-01
-1.275224986102999988e-07 1.825792000000000082e+00 -1.281712669481999967e-01 2.216024386597413021e-01
4.670246250253000181e-08 1.825792000000000082e+00 -9.513256767034000694e-02 2.011903035213361002e-01
4.616507245075999921e-07 1.825792000000000082e+00 -5.061913632847000327e-02 1.821184594038795790e-01
-1.254443282396999944e-07 1.825792000000000082e+00 1.494987288503000064e-07 1.669599541480897009e-01
-6.975177128209999987e-08 1.825792000000000082e+00 5.061866928147999711e-02 1.534076337371539089e-01
-2.975911189641999830e-07 1.825792000000000082e+00 9.513286666780000622e-02 1.306967608329619446e-01
-1.233661578334999893e-07 1.825792000000000082e+00 1.281715659456000023e-01 1.215223231490668437e-01
-2.418985619995999758e-07 1.825792000000000082e+00 1.457513864506000123e-01 1.793877737266541539e-01
-8.990094462042000329e-09 1.880216000000000109e+00 -1.457510874531000034e-01 2.040887544865558623e-01
-1.275224986102999988e-07 1.880216000000000109e+00 -1.281712669481999967e-01 2.197671038400718091e-01
4.670246250253000181e-08 1.880216000000000109e+00 -9.513256767034000694e-02 2.025447587177459929e-01
4.616507245075999921e-07 1.880216000000000109e+00 -5.061913632847000327e-02 1.850550287993855958e-01
-1.254443282396999944e-07 1.880216000000000109e+00 1.494987288503000064e-07 1.678347771194808047e-01
-6.975177128209999987e-08 1.880216000000000109e+00 5.061866928147999711e-02 1.570658439351406421e-01
-2.975911189641999830e-07 1.880216000000000109e+00 9.513286666780000622e-02 1.346817240065189547e-01
-1.233661578334999893e-07 1.880216000000000109e+00 1.281715659456000023e-01 1.269846667537322671e-01
-2.418985619995999758e-07 1.880216000000000109e+00 1.457513864506000123e-01 1.826523198409918947e-01
-8.990094462042000329e-09 1.924123999999999945e+00 -1.457510874531000034e-01 2.049841742986155124e-01
-1.275224986102999988e-07 1.924123999999999945e+00 -1.281712669481999967e-01 2.223807477319613424e-01
4.670246250253000181e-08 1.924123999999999945e+00 -9.513256767034000694e-02 2.091996818946564585e-01
4.616507245075999921e-07 1.924123999999999945e+00 -5.061913632847000327e-02 1.863127249970297494e-01
-1.254443282396999944e-07 1.924123999999999945e+00 1.494987288503000064e-07 1.685969570346200486e-01
-6.975177128209999987e-08 1.924123999999999945e+00 5.061866928147999711e-02 1.618637584283853237e-01
-2.975911189641999830e-07 1.924123999999999945e+00 9.513286666780000622e-02 1.389494819856288976e-01
-1.233661578334999893e-07 1.924123999999999945e+00 1.281715659456000023e-01 1.224747527748377973e-01
-2.418985619995999758e-07 1.924123999999999945e+00 1.457513864506000123e-01 1.829426854484594855e-01
-8.990094462042000329e-09 1.957271999999999901e+00 -1.457510874531000034e-01 1.935989796151056652e-01
-1.275224986102999988e-07 1.957271999999999901e+00 -1.281712669481999967e-01 2.090857073830002244e-01
4.670246250253000181e-08 1.957271999999999901e+00 -9.513256767034000694e-02 2.038031127001128096e-01
4.616507245075999921e-07 1.957271999999999901e+00 -5.061913632847000327e-02 1.902477001025507097e-01
-1.254443282396999944e-07 1.957271999999999901e+00 1.494987288503000064e-07 1.690765853473167324e-01
-6.975177128209999987e-08 1.957271999999999901e+00 5.061866928147999711e-02 1.624051422146000068e-01
-2.975911189641999830e-07 1.957271999999999901e+00 9.513286666780000622e-02 1.496751881028078601e-01
-1.233661578334999893e-07 1.957271999999999901e+00 1.281715659456000023e-01 1.392725117329571827e-01
-2.418985619995999758e-07 1.957271999999999901e+00 1.457513864506000123e-01 1.810138052363379491e-01
-8.990094462042000329e-09 1.979475000000000096e+00 -1.457510874531000034e-01 1.937114976683354528e-01
-1.275224986102999988e-07 1.979475000000000096e+00 -1.281712669481999967e-01 1.981145129700264684e-01
4.670246250253000181e-08 1.979475000000000096e+00 -9.513256767034000694e-02 1.891484778754976004e-01
4.616507245075999921e-07 1.979475000000000096e+00 -5.061913632847000327e-02 1.812674290865436411e-01
-1.254443282396999944e-07 1.979475000000000096e+00 1.494987288503000064e-07 1.662982963845500983e-01
-6.975177128209999987e-08 1.979475000000000096e+00 5.061866928147999711e-02 1.447280110213437221e-01
-2.975911189641999830e-07 1.979475000000000096e+00 9.513286666780000622e-02 1.457935938046493185e-01
-1.233661578334999893e-07 1.979475000000000096e+00 1.281715659456000023e-01 1.404101176209144874e-01
-2.418985619995999758e-07 1.979475000000000096e+00 1.457513864506000123e-01 1.451765337749911788e-01
-8.990094462042000329e-09 1.990607000000000015e+00 -1.457510874531000034e-01 1.838149593281438732e-01
-1.275224986102999988e-07 1.990607000000000015e+00 -1.281712669481999967e-01 1.849897995073847279e-01
4.670246250253000181e-08 1.990607000000000015e+00 -9.513256767034000694e-02 1.808971283208331282e-01
4.616507245075999921e-07 1.990607000000000015e+00 -5.061913632847000327e-02 2.089241920672903485e-01
-1.254443282396999944e-07 1.990607000000000015e+00 1.494987288503000064e-07 1.610312239411964552e-01
-6.975177128209999987e-08 1.990607000000000015e+00 5.061866928147999711e-02 1.692365585088832780e-01
-2.975911189641999830e-07 1.990607000000000015e+00 9.513286666780000622e-02 1.425739860726325525e-01
-1.233661578334999893e-07 1.990607000000000015e+00 1.281715659456000023e-01 1.746830104385787563e-01
-2.418985619995999758e-07 1.990607000000000015e+00 1.457513864506000123e-01 1.415185631937318778e-01
