# ['# x', 'y', 'z', 'rmsCpNN']
7.381000000000000408e-03 2.000000000000000000e+00 -1.457519999999999927e-01 2.630034756745431301e-01
1.838599999999999957e-02 2.000000000000000000e+00 -1.457519999999999927e-01 2.622942765140607313e-01
4.014800000000000313e-02 2.000000000000000000e+00 -1.457519999999999927e-01 2.748292291129341702e-01
7.218299999999999716e-02 2.000000000000000000e+00 -1.457519999999999927e-01 2.852067745943783206e-01
1.137750000000000011e-01 2.000000000000000000e+00 -1.457519999999999927e-01 2.820089270534886228e-01
1.639950000000000019e-01 2.000000000000000000e+00 -1.457519999999999927e-01 2.729605398832924967e-01
2.217200000000000004e-01 2.000000000000000000e+00 -1.457519999999999927e-01 2.641399174305404940e-01
2.856609999999999983e-01 2.000000000000000000e+00 -1.457519999999999927e-01 2.477689988350093575e-01
3.543910000000000116e-01 2.000000000000000000e+00 -1.457519999999999927e-01 2.297663541049720648e-01
4.263730000000000020e-01 2.000000000000000000e+00 -1.457519999999999927e-01 2.116132993894592473e-01
5.000000000000000000e-01 2.000000000000000000e+00 -1.457519999999999927e-01 1.907502396190751959e-01
5.736269999999999980e-01 2.000000000000000000e+00 -1.457519999999999927e-01 1.608025762034574757e-01
6.456089999999999884e-01 2.000000000000000000e+00 -1.457519999999999927e-01 1.462766707885056194e-01
7.143389999999999462e-01 2.000000000000000000e+00 -1.457519999999999927e-01 1.297350062079206390e-01
7.782799999999999718e-01 2.000000000000000000e+00 -1.457519999999999927e-01 1.199012290876450282e-01
8.360049999999999981e-01 2.000000000000000000e+00 -1.457519999999999927e-01 1.114090065700909932e-01
8.862250000000000405e-01 2.000000000000000000e+00 -1.457519999999999927e-01 1.038608083982461711e-01
9.278170000000000028e-01 2.000000000000000000e+00 -1.457519999999999927e-01 9.938874021479614240e-02
9.598520000000000385e-01 2.000000000000000000e+00 -1.457519999999999927e-01 1.004768731938283366e-01
9.816139999999999866e-01 2.000000000000000000e+00 -1.457519999999999927e-01 9.864353648673837571e-02
9.926190000000000291e-01 2.000000000000000000e+00 -1.457519999999999927e-01 1.104692723632085954e-01
7.381000000000000408e-03 2.000000000000000000e+00 -1.281720000000000081e-01 2.661623805968169054e-01
1.838599999999999957e-02 2.000000000000000000e+00 -1.281720000000000081e-01 2.676808222476737553e-01
4.014800000000000313e-02 2.000000000000000000e+00 -1.281720000000000081e-01 2.684388886437140131e-01
7.218299999999999716e-02 2.000000000000000000e+00 -1.281720000000000081e-01 2.853429374043242039e-01
1.137750000000000011e-01 2.000000000000000000e+00 -1.281720000000000081e-01 2.773442729738646584e-01
1.639950000000000019e-01 2.000000000000000000e+00 -1.281720000000000081e-01 2.725535740213844149e-01
2.217200000000000004e-01 2.000000000000000000e+00 -1.281720000000000081e-01 2.538631411550182349e-01
2.856609999999999983e-01 2.000000000000000000e+00 -1.281720000000000081e-01 2.319671191784914710e-01
3.543910000000000116e-01 2.000000000000000000e+00 -1.281720000000000081e-01 2.065190553957581832e-01
4.263730000000000020e-01 2.000000000000000000e+00 -1.281720000000000081e-01 1.763400110502915674e-01
5.000000000000000000e-01 2.000000000000000000e+00 -1.281720000000000081e-01 1.494809520873966180e-01
5.736269999999999980e-01 2.000000000000000000e+00 -1.281720000000000081e-01 1.290568237712173272e-01
6.456089999999999884e-01 2.000000000000000000e+00 -1.281720000000000081e-01 1.157029284856667256e-01
7.143389999999999462e-01 2.000000000000000000e+00 -1.281720000000000081e-01 1.086722975178961992e-01
7.782799999999999718e-01 2.000000000000000000e+00 -1.281720000000000081e-01 1.027619666177449903e-01
8.360049999999999981e-01 2.000000000000000000e+00 -1.281720000000000081e-01 9.486190362078654459e-02
8.862250000000000405e-01 2.000000000000000000e+00 -1.281720000000000081e-01 9.184444061032774609e-02
9.278170000000000028e-01 2.000000000000000000e+00 -1.281720000000000081e-01 9.741512912876287844e-02
9.598520000000000385e-01 2.000000000000000000e+00 -1.281720000000000081e-01 9.279710737211036009e-02
9.816139999999999866e-01 2.000000000000000000e+00 -1.281720000000000081e-01 1.067864659945503142e-01
9.926190000000000291e-01 2.000000000000000000e+00 -1.281720000000000081e-01 1.356665113329638128e-01
7.381000000000000408e-03 2.000000000000000000e+00 -9.513299999999999534e-02 2.816561884419777617e-01
1.838599999999999957e-02 2.000000000000000000e+00 -9.513299999999999534e-02 2.698484050759266117e-01
4.014800000000000313e-02 2.000000000000000000e+00 -9.513299999999999534e-02 2.733618241326895570e-01
7.218299999999999716e-02 2.000000000000000000e+00 -9.513299999999999534e-02 2.925459384530472162e-01
1.137750000000000011e-01 2.000000000000000000e+00 -9.513299999999999534e-02 2.748873288091622791e-01
1.639950000000000019e-01 2.000000000000000000e+00 -9.513299999999999534e-02 2.604697530485513002e-01
2.217200000000000004e-01 2.000000000000000000e+00 -9.513299999999999534e-02 2.377176825641982294e-01
2.856609999999999983e-01 2.000000000000000000e+00 -9.513299999999999534e-02 2.117575769375618644e-01
3.543910000000000116e-01 2.000000000000000000e+00 -9.513299999999999534e-02 1.829259379125521834e-01
4.263730000000000020e-01 2.000000000000000000e+00 -9.513299999999999534e-02 1.549250420973761755e-01
5.000000000000000000e-01 2.000000000000000000e+00 -9.513299999999999534e-02 1.294588057487623123e-01
5.736269999999999980e-01 2.000000000000000000e+00 -9.513299999999999534e-02 1.118639323630031684e-01
6.456089999999999884e-01 2.000000000000000000e+00 -9.513299999999999534e-02 1.014079766159899088e-01
7.143389999999999462e-01 2.000000000000000000e+00 -9.513299999999999534e-02 9.410967746065680706e-02
7.782799999999999718e-01 2.000000000000000000e+00 -9.513299999999999534e-02 8.760472554410511647e-02
8.360049999999999981e-01 2.000000000000000000e+00 -9.513299999999999534e-02 8.137735384620035928e-02
8.862250000000000405e-01 2.000000000000000000e+00 -9.513299999999999534e-02 7.955178675657581522e-02
9.278170000000000028e-01 2.000000000000000000e+00 -9.513299999999999534e-02 7.924096802567448528e-02
9.598520000000000385e-01 2.000000000000000000e+00 -9.513299999999999534e-02 7.623535424723662524e-02
9.816139999999999866e-01 2.000000000000000000e+00 -9.513299999999999534e-02 9.022686390945028334e-02
9.926190000000000291e-01 2.000000000000000000e+00 -9.513299999999999534e-02 1.206319010765314198e-01
7.381000000000000408e-03 2.000000000000000000e+00 -5.061899999999999733e-02 2.579107872758015230e-01
1.838599999999999957e-02 2.000000000000000000e+00 -5.061899999999999733e-02 2.627838905685946913e-01
4.014800000000000313e-02 2.000000000000000000e+00 -5.061899999999999733e-02 2.844979173712425258e-01
7.218299999999999716e-02 2.000000000000000000e+00 -5.061899999999999733e-02 2.966027024423305569e-01
1.137750000000000011e-01 2.000000000000000000e+00 -5.061899999999999733e-02 2.670237084822406071e-01
1.639950000000000019e-01 2.000000000000000000e+00 -5.061899999999999733e-02 2.429735851647970846e-01
2.217200000000000004e-01 2.000000000000000000e+00 -5.061899999999999733e-02 2.215660615192515670e-01
2.856609999999999983e-01 2.000000000000000000e+00 -5.061899999999999733e-02 1.918469641565088701e-01
3.543910000000000116e-01 2.000000000000000000e+00 -5.061899999999999733e-02 1.632955345661394886e-01
4.263730000000000020e-01 2.000000000000000000e+00 -5.061899999999999733e-02 1.369932570225881052e-01
5.000000000000000000e-01 2.000000000000000000e+00 -5.061899999999999733e-02 1.168077646416584153e-01
5.736269999999999980e-01 2.000000000000000000e+00 -5.061899999999999733e-02 1.026573851866599274e-01
6.456089999999999884e-01 2.000000000000000000e+00 -5.061899999999999733e-02 9.179485394526583353e-02
7.143389999999999462e-01 2.000000000000000000e+00 -5.061899999999999733e-02 8.451403720333787450e-02
7.782799999999999718e-01 2.000000000000000000e+00 -5.061899999999999733e-02 8.096897761497968971e-02
8.360049999999999981e-01 2.000000000000000000e+00 -5.061899999999999733e-02 7.484771000200544921e-02
8.862250000000000405e-01 2.000000000000000000e+00 -5.061899999999999733e-02 7.377492702444159167e-02
9.278170000000000028e-01 2.000000000000000000e+00 -5.061899999999999733e-02 7.302994658469404154e-02
9.598520000000000385e-01 2.000000000000000000e+00 -5.061899999999999733e-02 7.278520915351611997e-02
9.816139999999999866e-01 2.000000000000000000e+00 -5.061899999999999733e-02 8.882418300470348860e-02
9.926190000000000291e-01 2.000000000000000000e+00 -5.061899999999999733e-02 1.222663985323734770e-01
7.381000000000000408e-03 2.000000000000000000e+00 0.000000000000000000e+00 2.469734342315138276e-01
1.838599999999999957e-02 2.000000000000000000e+00 0.000000000000000000e+00 2.373062674415014339e-01
4.014800000000000313e-02 2.000000000000000000e+00 0.000000000000000000e+00 2.890261648417249973e-01
7.218299999999999716e-02 2.000000000000000000e+00 0.000000000000000000e+00 2.926292719466406234e-01
1.137750000000000011e-01 2.000000000000000000e+00 0.000000000000000000e+00 2.647188186632113416e-01
1.639950000000000019e-01 2.000000000000000000e+00 0.000000000000000000e+00 2.314854954964895573e-01
2.217200000000000004e-01 2.000000000000000000e+00 0.000000000000000000e+00 2.075903244938617498e-01
2.856609999999999983e-01 2.000000000000000000e+00 0.000000000000000000e+00 1.785444611570626006e-01
3.543910000000000116e-01 2.000000000000000000e+00 0.000000000000000000e+00 1.514677242778594557e-01
4.263730000000000020e-01 2.000000000000000000e+00 0.000000000000000000e+00 1.291766114200168236e-01
5.000000000000000000e-01 2.000000000000000000e+00 0.000000000000000000e+00 1.104323482793386491e-01
5.736269999999999980e-01 2.000000000000000000e+00 0.000000000000000000e+00 9.730209487365965026e-02
6.456089999999999884e-01 2.000000000000000000e+00 0.000000000000000000e+00 8.734785438205394659e-02
7.143389999999999462e-01 2.000000000000000000e+00 0.000000000000000000e+00 8.075409822593568321e-02
7.782799999999999718e-01 2.000000000000000000e+00 0.000000000000000000e+00 7.616431075749591217e-02
8.360049999999999981e-01 2.000000000000000000e+00 0.000000000000000000e+00 7.337758740885638731e-02
8.862250000000000405e-01 2.000000000000000000e+00 0.000000000000000000e+00 7.055861359642925934e-02
9.278170000000000028e-01 2.000000000000000000e+00 0.000000000000000000e+00 7.090770434714691040e-02
9.598520000000000385e-01 2.000000000000000000e+00 0.000000000000000000e+00 7.341290243572948238e-02
9.816139999999999866e-01 2.000000000000000000e+00 0.000000000000000000e+00 8.579839182043123846e-02
9.926190000000000291e-01 2.000000000000000000e+00 0.000000000000000000e+00 1.038071991358096996e-01
7.381000000000000408e-03 2.000000000000000000e+00 5.061899999999999733e-02 2.523855195688516351e-01
1.838599999999999957e-02 2.000000000000000000e+00 5.061899999999999733e-02 2.410564575088414707e-01
4.014800000000000313e-02 2.000000000000000000e+00 5.061899999999999733e-02 2.801780137359863865e-01
7.218299999999999716e-02 2.000000000000000000e+00 5.061899999999999733e-02 2.965420915935219059e-01
1.137750000000000011e-01 2.000000000000000000e+00 5.061899999999999733e-02 2.702541173948011521e-01
1.639950000000000019e-01 2.000000000000000000e+00 5.061899999999999733e-02 2.466952977432318173e-01
2.217200000000000004e-01 2.000000000000000000e+00 5.061899999999999733e-02 2.174036260436984780e-01
2.856609999999999983e-01 2.000000000000000000e+00 5.061899999999999733e-02 1.900926233925178399e-01
3.543910000000000116e-01 2.000000000000000000e+00 5.061899999999999733e-02 1.633873113636722663e-01
4.263730000000000020e-01 2.000000000000000000e+00 5.061899999999999733e-02 1.366735661628278309e-01
5.000000000000000000e-01 2.000000000000000000e+00 5.061899999999999733e-02 1.160153092622603216e-01
5.736269999999999980e-01 2.000000000000000000e+00 5.061899999999999733e-02 1.007116820778508615e-01
6.456089999999999884e-01 2.000000000000000000e+00 5.061899999999999733e-02 9.060775171185893317e-02
7.143389999999999462e-01 2.000000000000000000e+00 5.061899999999999733e-02 8.224855988787704852e-02
7.782799999999999718e-01 2.000000000000000000e+00 5.061899999999999733e-02 7.894365646962871186e-02
8.360049999999999981e-01 2.000000000000000000e+00 5.061899999999999733e-02 7.442792003140726032e-02
8.862250000000000405e-01 2.000000000000000000e+00 5.061899999999999733e-02 7.364061207287603272e-02
9.278170000000000028e-01 2.000000000000000000e+00 5.061899999999999733e-02 7.333645983201149410e-02
9.598520000000000385e-01 2.000000000000000000e+00 5.061899999999999733e-02 7.356568455871130563e-02
9.816139999999999866e-01 2.000000000000000000e+00 5.061899999999999733e-02 8.803444020545682369e-02
9.926190000000000291e-01 2.000000000000000000e+00 5.061899999999999733e-02 1.204876632310262902e-01
7.381000000000000408e-03 2.000000000000000000e+00 9.513299999999999534e-02 2.711283393602602065e-01
1.838599999999999957e-02 2.000000000000000000e+00 9.513299999999999534e-02 2.606205557126001215e-01
4.014800000000000313e-02 2.000000000000000000e+00 9.513299999999999534e-02 2.702934880977799215e-01
7.218299999999999716e-02 2.000000000000000000e+00 9.513299999999999534e-02 2.916324132771407340e-01
1.137750000000000011e-01 2.000000000000000000e+00 9.513299999999999534e-02 2.746682952579644899e-01
1.639950000000000019e-01 2.000000000000000000e+00 9.513299999999999534e-02 2.590594030903319855e-01
2.217200000000000004e-01 2.000000000000000000e+00 9.513299999999999534e-02 2.328625786886198146e-01
2.856609999999999983e-01 2.000000000000000000e+00 9.513299999999999534e-02 2.075675746710894387e-01
3.543910000000000116e-01 2.000000000000000000e+00 9.513299999999999534e-02 1.806697615960489167e-01
4.263730000000000020e-01 2.000000000000000000e+00 9.513299999999999534e-02 1.475859324868943612e-01
5.000000000000000000e-01 2.000000000000000000e+00 9.513299999999999534e-02 1.265776472960399579e-01
5.736269999999999980e-01 2.000000000000000000e+00 9.513299999999999534e-02 1.101660182278679928e-01
6.456089999999999884e-01 2.000000000000000000e+00 9.513299999999999534e-02 9.903556398496912716e-02
7.143389999999999462e-01 2.000000000000000000e+00 9.513299999999999534e-02 9.183668484632241669e-02
7.782799999999999718e-01 2.000000000000000000e+00 9.513299999999999534e-02 8.651357889915251009e-02
8.360049999999999981e-01 2.000000000000000000e+00 9.513299999999999534e-02 8.042611071789346200e-02
8.862250000000000405e-01 2.000000000000000000e+00 9.513299999999999534e-02 7.916233659646440546e-02
9.278170000000000028e-01 2.000000000000000000e+00 9.513299999999999534e-02 8.112788868740695991e-02
9.598520000000000385e-01 2.000000000000000000e+00 9.513299999999999534e-02 7.839062091440496260e-02
9.816139999999999866e-01 2.000000000000000000e+00 9.513299999999999534e-02 9.603150983123591444e-02
9.926190000000000291e-01 2.000000000000000000e+00 9.513299999999999534e-02 1.274802800963879268e-01
7.381000000000000408e-03 2.000000000000000000e+00 1.281720000000000081e-01 2.705877162117421020e-01
1.838599999999999957e-02 2.000000000000000000e+00 1.281720000000000081e-01 2.672209348453908895e-01
4.014800000000000313e-02 2.000000000000000000e+00 1.281720000000000081e-01 2.717177171127284074e-01
7.218299999999999716e-02 2.000000000000000000e+00 1.281720000000000081e-01 2.847855764195774131e-01
1.137750000000000011e-01 2.000000000000000000e+00 1.281720000000000081e-01 2.801322188491492948e-01
1.639950000000000019e-01 2.000000000000000000e+00 1.281720000000000081e-01 2.712658965147790591e-01
2.217200000000000004e-01 2.000000000000000000e+00 1.281720000000000081e-01 2.523979421066634421e-01
2.856609999999999983e-01 2.000000000000000000e+00 1.281720000000000081e-01 2.317572388391447580e-01
3.543910000000000116e-01 2.000000000000000000e+00 1.281720000000000081e-01 2.046075425656878610e-01
4.263730000000000020e-01 2.000000000000000000e+00 1.281720000000000081e-01 1.746056270941951372e-01
5.000000000000000000e-01 2.000000000000000000e+00 1.281720000000000081e-01 1.520197950067513071e-01
5.736269999999999980e-01 2.000000000000000000e+00 1.281720000000000081e-01 1.300331856093485949e-01
6.456089999999999884e-01 2.000000000000000000e+00 1.281720000000000081e-01 1.153527711936817857e-01
7.143389999999999462e-01 2.000000000000000000e+00 1.281720000000000081e-01 1.078069785043933859e-01
7.782799999999999718e-01 2.000000000000000000e+00 1.281720000000000081e-01 1.017101208700726539e-01
8.360049999999999981e-01 2.000000000000000000e+00 1.281720000000000081e-01 9.251397480278410190e-02
8.862250000000000405e-01 2.000000000000000000e+00 1.281720000000000081e-01 9.010207573607552367e-02
9.278170000000000028e-01 2.000000000000000000e+00 1.281720000000000081e-01 9.649357773281219686e-02
9.598520000000000385e-01 2.000000000000000000e+00 1.281720000000000081e-01 9.251927165430622046e-02
9.816139999999999866e-01 2.000000000000000000e+00 1.281720000000000081e-01 1.082370795807365560e-01
9.926190000000000291e-01 2.000000000000000000e+00 1.281720000000000081e-01 1.378799910711354937e-01
7.381000000000000408e-03 2.000000000000000000e+00 1.457519999999999927e-01 2.545765825428535911e-01
1.838599999999999957e-02 2.000000000000000000e+00 1.457519999999999927e-01 2.550721760120574499e-01
4.014800000000000313e-02 2.000000000000000000e+00 1.457519999999999927e-01 2.749839067742774756e-01
7.218299999999999716e-02 2.000000000000000000e+00 1.457519999999999927e-01 2.843644828464754748e-01
1.137750000000000011e-01 2.000000000000000000e+00 1.457519999999999927e-01 2.814840525531738247e-01
1.639950000000000019e-01 2.000000000000000000e+00 1.457519999999999927e-01 2.729254474894846072e-01
2.217200000000000004e-01 2.000000000000000000e+00 1.457519999999999927e-01 2.623810958564597451e-01
2.856609999999999983e-01 2.000000000000000000e+00 1.457519999999999927e-01 2.513680562223179482e-01
3.543910000000000116e-01 2.000000000000000000e+00 1.457519999999999927e-01 2.345508915038404529e-01
4.263730000000000020e-01 2.000000000000000000e+00 1.457519999999999927e-01 2.160039056159459570e-01
5.000000000000000000e-01 2.000000000000000000e+00 1.457519999999999927e-01 1.955574061178829148e-01
5.736269999999999980e-01 2.000000000000000000e+00 1.457519999999999927e-01 1.691321142442143710e-01
6.456089999999999884e-01 2.000000000000000000e+00 1.457519999999999927e-01 1.558924593228956657e-01
7.143389999999999462e-01 2.000000000000000000e+00 1.457519999999999927e-01 1.366474603036710589e-01
7.782799999999999718e-01 2.000000000000000000e+00 1.457519999999999927e-01 1.234429253286979805e-01
8.360049999999999981e-01 2.000000000000000000e+00 1.457519999999999927e-01 1.132966977159940020e-01
8.862250000000000405e-01 2.000000000000000000e+00 1.457519999999999927e-01 1.047879669165217298e-01
9.278170000000000028e-01 2.000000000000000000e+00 1.457519999999999927e-01 9.922618611197386862e-02
9.598520000000000385e-01 2.000000000000000000e+00 1.457519999999999927e-01 1.000777509223303718e-01
9.816139999999999866e-01 2.000000000000000000e+00 1.457519999999999927e-01 9.954789725181560633e-02
9.926190000000000291e-01 2.000000000000000000e+00 1.457519999999999927e-01 1.125426646409683901e-01
