# ['# x', 'y', 'z', 'rmsCpNN']
7.381000000000000408e-03 7.448299999999999366e-02 -1.499999999999999944e-01 -8.731613136538846076e-01
1.838599999999999957e-02 7.448299999999999366e-02 -1.499999999999999944e-01 -9.621674101692276881e-01
4.014800000000000313e-02 7.448299999999999366e-02 -1.499999999999999944e-01 -8.576735992765915917e-01
7.218299999999999716e-02 7.448299999999999366e-02 -1.499999999999999944e-01 -8.131901777597810854e-01
1.137750000000000011e-01 7.448299999999999366e-02 -1.499999999999999944e-01 -7.330616608038555970e-01
1.639950000000000019e-01 7.448299999999999366e-02 -1.499999999999999944e-01 -5.758134141882965684e-01
2.217200000000000004e-01 7.448299999999999366e-02 -1.499999999999999944e-01 -5.092069531397180882e-01
2.856609999999999983e-01 7.448299999999999366e-02 -1.499999999999999944e-01 -4.600252017887062617e-01
3.543910000000000116e-01 7.448299999999999366e-02 -1.499999999999999944e-01 -4.354277558089294509e-01
4.263730000000000020e-01 7.448299999999999366e-02 -1.499999999999999944e-01 -4.247802558972718079e-01
5.000000000000000000e-01 7.448299999999999366e-02 -1.499999999999999944e-01 -4.218210020840359453e-01
5.736269999999999980e-01 7.448299999999999366e-02 -1.499999999999999944e-01 -4.200480341460247624e-01
6.456089999999999884e-01 7.448299999999999366e-02 -1.499999999999999944e-01 -4.192899249194987910e-01
7.143389999999999462e-01 7.448299999999999366e-02 -1.499999999999999944e-01 -4.200584560827554381e-01
7.782799999999999718e-01 7.448299999999999366e-02 -1.499999999999999944e-01 -4.202871746016314525e-01
8.360049999999999981e-01 7.448299999999999366e-02 -1.499999999999999944e-01 -4.219124358825502852e-01
8.862250000000000405e-01 7.448299999999999366e-02 -1.499999999999999944e-01 -4.225655674215695878e-01
9.278170000000000028e-01 7.448299999999999366e-02 -1.499999999999999944e-01 -4.243674081047896229e-01
9.598520000000000385e-01 7.448299999999999366e-02 -1.499999999999999944e-01 -4.265061175753198097e-01
9.816139999999999866e-01 7.448299999999999366e-02 -1.499999999999999944e-01 -4.240448224993867976e-01
9.926190000000000291e-01 7.448299999999999366e-02 -1.499999999999999944e-01 -4.414603847002191994e-01
7.381000000000000408e-03 2.230330000000000090e-01 -1.499999999999999944e-01 -9.235478835019181876e-01
1.838599999999999957e-02 2.230330000000000090e-01 -1.499999999999999944e-01 -9.698800957549271740e-01
4.014800000000000313e-02 2.230330000000000090e-01 -1.499999999999999944e-01 -8.981632458669142061e-01
7.218299999999999716e-02 2.230330000000000090e-01 -1.499999999999999944e-01 -8.175409412246901208e-01
1.137750000000000011e-01 2.230330000000000090e-01 -1.499999999999999944e-01 -7.766513481728113399e-01
1.639950000000000019e-01 2.230330000000000090e-01 -1.499999999999999944e-01 -7.457837812111649534e-01
2.217200000000000004e-01 2.230330000000000090e-01 -1.499999999999999944e-01 -6.691689889756755605e-01
2.856609999999999983e-01 2.230330000000000090e-01 -1.499999999999999944e-01 -5.693488726209092743e-01
3.543910000000000116e-01 2.230330000000000090e-01 -1.499999999999999944e-01 -4.770536431968919189e-01
4.263730000000000020e-01 2.230330000000000090e-01 -1.499999999999999944e-01 -4.240973833105248225e-01
5.000000000000000000e-01 2.230330000000000090e-01 -1.499999999999999944e-01 -4.050511343175409729e-01
5.736269999999999980e-01 2.230330000000000090e-01 -1.499999999999999944e-01 -3.994948399588800769e-01
6.456089999999999884e-01 2.230330000000000090e-01 -1.499999999999999944e-01 -3.925185700222767471e-01
7.143389999999999462e-01 2.230330000000000090e-01 -1.499999999999999944e-01 -3.893067671237850913e-01
7.782799999999999718e-01 2.230330000000000090e-01 -1.499999999999999944e-01 -3.876400562705227815e-01
8.360049999999999981e-01 2.230330000000000090e-01 -1.499999999999999944e-01 -3.887322071100606791e-01
8.862250000000000405e-01 2.230330000000000090e-01 -1.499999999999999944e-01 -3.877803293184722833e-01
9.278170000000000028e-01 2.230330000000000090e-01 -1.499999999999999944e-01 -3.876104622740847994e-01
9.598520000000000385e-01 2.230330000000000090e-01 -1.499999999999999944e-01 -3.885428991805391363e-01
9.816139999999999866e-01 2.230330000000000090e-01 -1.499999999999999944e-01 -3.850034100579051155e-01
9.926190000000000291e-01 2.230330000000000090e-01 -1.499999999999999944e-01 -4.220743624088730273e-01
7.381000000000000408e-03 3.703359999999999985e-01 -1.499999999999999944e-01 -9.385335399924340516e-01
1.838599999999999957e-02 3.703359999999999985e-01 -1.499999999999999944e-01 -9.704631851913845253e-01
4.014800000000000313e-02 3.703359999999999985e-01 -1.499999999999999944e-01 -9.098301087489214511e-01
7.218299999999999716e-02 3.703359999999999985e-01 -1.499999999999999944e-01 -8.242625537977531502e-01
1.137750000000000011e-01 3.703359999999999985e-01 -1.499999999999999944e-01 -7.741929803611304894e-01
1.639950000000000019e-01 3.703359999999999985e-01 -1.499999999999999944e-01 -7.500425624075451880e-01
2.217200000000000004e-01 3.703359999999999985e-01 -1.499999999999999944e-01 -7.143057683575839700e-01
2.856609999999999983e-01 3.703359999999999985e-01 -1.499999999999999944e-01 -6.429097305275854879e-01
3.543910000000000116e-01 3.703359999999999985e-01 -1.499999999999999944e-01 -5.367166779897513118e-01
4.263730000000000020e-01 3.703359999999999985e-01 -1.499999999999999944e-01 -4.763959934025814302e-01
5.000000000000000000e-01 3.703359999999999985e-01 -1.499999999999999944e-01 -4.303001124859759385e-01
5.736269999999999980e-01 3.703359999999999985e-01 -1.499999999999999944e-01 -4.008511367798101022e-01
6.456089999999999884e-01 3.703359999999999985e-01 -1.499999999999999944e-01 -3.852295463998657854e-01
7.143389999999999462e-01 3.703359999999999985e-01 -1.499999999999999944e-01 -3.821545022479563847e-01
7.782799999999999718e-01 3.703359999999999985e-01 -1.499999999999999944e-01 -3.741165890410786954e-01
8.360049999999999981e-01 3.703359999999999985e-01 -1.499999999999999944e-01 -3.714592670277024333e-01
8.862250000000000405e-01 3.703359999999999985e-01 -1.499999999999999944e-01 -3.691487941597347833e-01
9.278170000000000028e-01 3.703359999999999985e-01 -1.499999999999999944e-01 -3.676729142356268132e-01
9.598520000000000385e-01 3.703359999999999985e-01 -1.499999999999999944e-01 -3.706971529292475975e-01
9.816139999999999866e-01 3.703359999999999985e-01 -1.499999999999999944e-01 -3.733861878636071108e-01
9.926190000000000291e-01 3.703359999999999985e-01 -1.499999999999999944e-01 -4.108226625342402127e-01
7.381000000000000408e-03 5.155680000000000263e-01 -1.499999999999999944e-01 -9.477603216474166370e-01
1.838599999999999957e-02 5.155680000000000263e-01 -1.499999999999999944e-01 -9.756740932405111311e-01
4.014800000000000313e-02 5.155680000000000263e-01 -1.499999999999999944e-01 -9.395565276583260905e-01
7.218299999999999716e-02 5.155680000000000263e-01 -1.499999999999999944e-01 -8.402205754893279366e-01
1.137750000000000011e-01 5.155680000000000263e-01 -1.499999999999999944e-01 -7.928453955106655737e-01
1.639950000000000019e-01 5.155680000000000263e-01 -1.499999999999999944e-01 -7.799280071415943816e-01
2.217200000000000004e-01 5.155680000000000263e-01 -1.499999999999999944e-01 -7.612758883927855935e-01
2.856609999999999983e-01 5.155680000000000263e-01 -1.499999999999999944e-01 -7.154500165088095720e-01
3.543910000000000116e-01 5.155680000000000263e-01 -1.499999999999999944e-01 -6.157707954646386428e-01
4.263730000000000020e-01 5.155680000000000263e-01 -1.499999999999999944e-01 -5.022981228358336381e-01
5.000000000000000000e-01 5.155680000000000263e-01 -1.499999999999999944e-01 -4.658003181875084997e-01
5.736269999999999980e-01 5.155680000000000263e-01 -1.499999999999999944e-01 -4.162813545349280386e-01
6.456089999999999884e-01 5.155680000000000263e-01 -1.499999999999999944e-01 -3.940634494282038158e-01
7.143389999999999462e-01 5.155680000000000263e-01 -1.499999999999999944e-01 -3.795505033845186227e-01
7.782799999999999718e-01 5.155680000000000263e-01 -1.499999999999999944e-01 -3.698259746609414145e-01
8.360049999999999981e-01 5.155680000000000263e-01 -1.499999999999999944e-01 -3.631462498362959535e-01
8.862250000000000405e-01 5.155680000000000263e-01 -1.499999999999999944e-01 -3.597016618424972445e-01
9.278170000000000028e-01 5.155680000000000263e-01 -1.499999999999999944e-01 -3.638275007937258887e-01
9.598520000000000385e-01 5.155680000000000263e-01 -1.499999999999999944e-01 -3.676985658399127832e-01
9.816139999999999866e-01 5.155680000000000263e-01 -1.499999999999999944e-01 -3.670590696052217217e-01
9.926190000000000291e-01 5.155680000000000263e-01 -1.499999999999999944e-01 -4.134730135883184499e-01
7.381000000000000408e-03 6.579159999999999453e-01 -1.499999999999999944e-01 -9.572699161056630324e-01
1.838599999999999957e-02 6.579159999999999453e-01 -1.499999999999999944e-01 -9.740304046963509377e-01
4.014800000000000313e-02 6.579159999999999453e-01 -1.499999999999999944e-01 -9.444065058162559589e-01
7.218299999999999716e-02 6.579159999999999453e-01 -1.499999999999999944e-01 -8.408506509716511257e-01
1.137750000000000011e-01 6.579159999999999453e-01 -1.499999999999999944e-01 -7.936402926953154413e-01
1.639950000000000019e-01 6.579159999999999453e-01 -1.499999999999999944e-01 -7.800592377188647619e-01
2.217200000000000004e-01 6.579159999999999453e-01 -1.499999999999999944e-01 -7.702811985763905467e-01
2.856609999999999983e-01 6.579159999999999453e-01 -1.499999999999999944e-01 -7.150549615360620725e-01
3.543910000000000116e-01 6.579159999999999453e-01 -1.499999999999999944e-01 -6.654511249476481316e-01
4.263730000000000020e-01 6.579159999999999453e-01 -1.499999999999999944e-01 -5.585981797335780596e-01
5.000000000000000000e-01 6.579159999999999453e-01 -1.499999999999999944e-01 -4.804888048521154253e-01
5.736269999999999980e-01 6.579159999999999453e-01 -1.499999999999999944e-01 -4.161214213780236593e-01
6.456089999999999884e-01 6.579159999999999453e-01 -1.499999999999999944e-01 -3.967386435473943540e-01
7.143389999999999462e-01 6.579159999999999453e-01 -1.499999999999999944e-01 -3.771480926832214697e-01
7.782799999999999718e-01 6.579159999999999453e-01 -1.499999999999999944e-01 -3.681296195642354552e-01
8.360049999999999981e-01 6.579159999999999453e-01 -1.499999999999999944e-01 -3.604550290967585280e-01
8.862250000000000405e-01 6.579159999999999453e-01 -1.499999999999999944e-01 -3.571440096070641057e-01
9.278170000000000028e-01 6.579159999999999453e-01 -1.499999999999999944e-01 -3.565939077052863726e-01
9.598520000000000385e-01 6.579159999999999453e-01 -1.499999999999999944e-01 -3.642504823301329631e-01
9.816139999999999866e-01 6.579159999999999453e-01 -1.499999999999999944e-01 -3.654064862074140607e-01
9.926190000000000291e-01 6.579159999999999453e-01 -1.499999999999999944e-01 -4.341993692586869624e-01
7.381000000000000408e-03 7.965849999999999875e-01 -1.499999999999999944e-01 -9.446682251211124814e-01
1.838599999999999957e-02 7.965849999999999875e-01 -1.499999999999999944e-01 -9.776824017600511674e-01
4.014800000000000313e-02 7.965849999999999875e-01 -1.499999999999999944e-01 -9.406084737147353270e-01
7.218299999999999716e-02 7.965849999999999875e-01 -1.499999999999999944e-01 -8.305802375073134680e-01
1.137750000000000011e-01 7.965849999999999875e-01 -1.499999999999999944e-01 -7.879862738006920830e-01
1.639950000000000019e-01 7.965849999999999875e-01 -1.499999999999999944e-01 -7.753761617255784389e-01
2.217200000000000004e-01 7.965849999999999875e-01 -1.499999999999999944e-01 -7.707230117296627325e-01
2.856609999999999983e-01 7.965849999999999875e-01 -1.499999999999999944e-01 -7.685297297280019313e-01
3.543910000000000116e-01 7.965849999999999875e-01 -1.499999999999999944e-01 -7.120016958122653561e-01
4.263730000000000020e-01 7.965849999999999875e-01 -1.499999999999999944e-01 -6.116326005507218833e-01
5.000000000000000000e-01 7.965849999999999875e-01 -1.499999999999999944e-01 -5.270734697298113947e-01
5.736269999999999980e-01 7.965849999999999875e-01 -1.499999999999999944e-01 -4.678489419618899747e-01
6.456089999999999884e-01 7.965849999999999875e-01 -1.499999999999999944e-01 -4.273311435736452668e-01
7.143389999999999462e-01 7.965849999999999875e-01 -1.499999999999999944e-01 -4.002806217535038735e-01
7.782799999999999718e-01 7.965849999999999875e-01 -1.499999999999999944e-01 -3.822611992361787947e-01
8.360049999999999981e-01 7.965849999999999875e-01 -1.499999999999999944e-01 -3.650677544838267785e-01
8.862250000000000405e-01 7.965849999999999875e-01 -1.499999999999999944e-01 -3.565025289081201199e-01
9.278170000000000028e-01 7.965849999999999875e-01 -1.499999999999999944e-01 -3.595467084755333831e-01
9.598520000000000385e-01 7.965849999999999875e-01 -1.499999999999999944e-01 -3.610856351633374151e-01
9.816139999999999866e-01 7.965849999999999875e-01 -1.499999999999999944e-01 -3.659971397928579173e-01
9.926190000000000291e-01 7.965849999999999875e-01 -1.499999999999999944e-01 -4.276932043087304791e-01
7.381000000000000408e-03 9.307990000000000430e-01 -1.499999999999999944e-01 -8.889729638227090724e-01
1.838599999999999957e-02 9.307990000000000430e-01 -1.499999999999999944e-01 -9.763798909387323421e-01
4.014800000000000313e-02 9.307990000000000430e-01 -1.499999999999999944e-01 -9.477059980141386841e-01
7.218299999999999716e-02 9.307990000000000430e-01 -1.499999999999999944e-01 -8.349227415072725256e-01
1.137750000000000011e-01 9.307990000000000430e-01 -1.499999999999999944e-01 -7.906498571568144618e-01
1.639950000000000019e-01 9.307990000000000430e-01 -1.499999999999999944e-01 -7.866066813830241422e-01
2.217200000000000004e-01 9.307990000000000430e-01 -1.499999999999999944e-01 -7.874673169679299312e-01
2.856609999999999983e-01 9.307990000000000430e-01 -1.499999999999999944e-01 -7.678904076075693252e-01
3.543910000000000116e-01 9.307990000000000430e-01 -1.499999999999999944e-01 -7.353789292643141406e-01
4.263730000000000020e-01 9.307990000000000430e-01 -1.499999999999999944e-01 -6.598830554211244648e-01
5.000000000000000000e-01 9.307990000000000430e-01 -1.499999999999999944e-01 -5.647741934433904154e-01
5.736269999999999980e-01 9.307990000000000430e-01 -1.499999999999999944e-01 -4.959516414704541742e-01
6.456089999999999884e-01 9.307990000000000430e-01 -1.499999999999999944e-01 -4.664627948460746687e-01
7.143389999999999462e-01 9.307990000000000430e-01 -1.499999999999999944e-01 -4.310668911982993845e-01
7.782799999999999718e-01 9.307990000000000430e-01 -1.499999999999999944e-01 -3.971253571939558635e-01
8.360049999999999981e-01 9.307990000000000430e-01 -1.499999999999999944e-01 -3.689903194552407451e-01
8.862250000000000405e-01 9.307990000000000430e-01 -1.499999999999999944e-01 -3.614656094687109800e-01
9.278170000000000028e-01 9.307990000000000430e-01 -1.499999999999999944e-01 -3.595801703832918195e-01
9.598520000000000385e-01 9.307990000000000430e-01 -1.499999999999999944e-01 -3.668090349650184878e-01
9.816139999999999866e-01 9.307990000000000430e-01 -1.499999999999999944e-01 -3.828217368259346776e-01
9.926190000000000291e-01 9.307990000000000430e-01 -1.499999999999999944e-01 -4.030250609818326057e-01
7.381000000000000408e-03 1.059808000000000083e+00 -1.499999999999999944e-01 -9.646806877153943915e-01
1.838599999999999957e-02 1.059808000000000083e+00 -1.499999999999999944e-01 -9.770595474551824200e-01
4.014800000000000313e-02 1.059808000000000083e+00 -1.499999999999999944e-01 -9.536616555168925258e-01
7.218299999999999716e-02 1.059808000000000083e+00 -1.499999999999999944e-01 -8.453781384563253676e-01
1.137750000000000011e-01 1.059808000000000083e+00 -1.499999999999999944e-01 -7.975164166460854132e-01
1.639950000000000019e-01 1.059808000000000083e+00 -1.499999999999999944e-01 -7.899308162280964662e-01
2.217200000000000004e-01 1.059808000000000083e+00 -1.499999999999999944e-01 -7.843847689569737325e-01
2.856609999999999983e-01 1.059808000000000083e+00 -1.499999999999999944e-01 -7.815548102292840804e-01
3.543910000000000116e-01 1.059808000000000083e+00 -1.499999999999999944e-01 -7.509447357824700076e-01
4.263730000000000020e-01 1.059808000000000083e+00 -1.499999999999999944e-01 -6.791623333541429997e-01
5.000000000000000000e-01 1.059808000000000083e+00 -1.499999999999999944e-01 -6.219791271199247573e-01
5.736269999999999980e-01 1.059808000000000083e+00 -1.499999999999999944e-01 -5.432605370950833734e-01
6.456089999999999884e-01 1.059808000000000083e+00 -1.499999999999999944e-01 -4.704027399348366667e-01
7.143389999999999462e-01 1.059808000000000083e+00 -1.499999999999999944e-01 -4.316322201906800937e-01
7.782799999999999718e-01 1.059808000000000083e+00 -1.499999999999999944e-01 -3.896752156058871930e-01
8.360049999999999981e-01 1.059808000000000083e+00 -1.499999999999999944e-01 -3.875243395171911742e-01
8.862250000000000405e-01 1.059808000000000083e+00 -1.499999999999999944e-01 -3.810427260965906782e-01
9.278170000000000028e-01 1.059808000000000083e+00 -1.499999999999999944e-01 -3.699904634410284832e-01
9.598520000000000385e-01 1.059808000000000083e+00 -1.499999999999999944e-01 -3.722339244209555975e-01
9.816139999999999866e-01 1.059808000000000083e+00 -1.499999999999999944e-01 -3.809135460870269330e-01
9.926190000000000291e-01 1.059808000000000083e+00 -1.499999999999999944e-01 -4.787891963816065521e-01
7.381000000000000408e-03 1.182889999999999997e+00 -1.499999999999999944e-01 -9.327266903836760603e-01
1.838599999999999957e-02 1.182889999999999997e+00 -1.499999999999999944e-01 -9.799699458125745721e-01
4.014800000000000313e-02 1.182889999999999997e+00 -1.499999999999999944e-01 -9.499464466270878260e-01
7.218299999999999716e-02 1.182889999999999997e+00 -1.499999999999999944e-01 -8.412208795528153260e-01
1.137750000000000011e-01 1.182889999999999997e+00 -1.499999999999999944e-01 -7.926740528561158072e-01
1.639950000000000019e-01 1.182889999999999997e+00 -1.499999999999999944e-01 -7.923967089678397580e-01
2.217200000000000004e-01 1.182889999999999997e+00 -1.499999999999999944e-01 -7.889383692593893160e-01
2.856609999999999983e-01 1.182889999999999997e+00 -1.499999999999999944e-01 -7.807485164699843327e-01
3.543910000000000116e-01 1.182889999999999997e+00 -1.499999999999999944e-01 -7.708124077770920346e-01
4.263730000000000020e-01 1.182889999999999997e+00 -1.499999999999999944e-01 -7.218477221098348329e-01
5.000000000000000000e-01 1.182889999999999997e+00 -1.499999999999999944e-01 -6.354104495390839880e-01
5.736269999999999980e-01 1.182889999999999997e+00 -1.499999999999999944e-01 -5.370875497787912511e-01
6.456089999999999884e-01 1.182889999999999997e+00 -1.499999999999999944e-01 -4.721456607080611323e-01
7.143389999999999462e-01 1.182889999999999997e+00 -1.499999999999999944e-01 -4.603778036458491263e-01
7.782799999999999718e-01 1.182889999999999997e+00 -1.499999999999999944e-01 -4.196632506558589659e-01
8.360049999999999981e-01 1.182889999999999997e+00 -1.499999999999999944e-01 -3.860430829212542769e-01
8.862250000000000405e-01 1.182889999999999997e+00 -1.499999999999999944e-01 -3.757216572272208954e-01
9.278170000000000028e-01 1.182889999999999997e+00 -1.499999999999999944e-01 -3.710954463349767640e-01
9.598520000000000385e-01 1.182889999999999997e+00 -1.499999999999999944e-01 -3.723845166723779854e-01
9.816139999999999866e-01 1.182889999999999997e+00 -1.499999999999999944e-01 -3.827497217067088453e-01
9.926190000000000291e-01 1.182889999999999997e+00 -1.499999999999999944e-01 -4.501089886993530631e-01
7.381000000000000408e-03 1.299357000000000095e+00 -1.499999999999999944e-01 -9.337326801836353107e-01
1.838599999999999957e-02 1.299357000000000095e+00 -1.499999999999999944e-01 -9.766239399689550238e-01
4.014800000000000313e-02 1.299357000000000095e+00 -1.499999999999999944e-01 -9.504076603072939555e-01
7.218299999999999716e-02 1.299357000000000095e+00 -1.499999999999999944e-01 -8.282263923993847810e-01
1.137750000000000011e-01 1.299357000000000095e+00 -1.499999999999999944e-01 -7.838707798522951409e-01
1.639950000000000019e-01 1.299357000000000095e+00 -1.499999999999999944e-01 -7.803618045776907763e-01
2.217200000000000004e-01 1.299357000000000095e+00 -1.499999999999999944e-01 -7.830974524415945659e-01
2.856609999999999983e-01 1.299357000000000095e+00 -1.499999999999999944e-01 -7.743085484858420742e-01
3.543910000000000116e-01 1.299357000000000095e+00 -1.499999999999999944e-01 -7.422780639581815221e-01
4.263730000000000020e-01 1.299357000000000095e+00 -1.499999999999999944e-01 -7.307554258250341661e-01
5.000000000000000000e-01 1.299357000000000095e+00 -1.499999999999999944e-01 -6.583142779668674782e-01
5.736269999999999980e-01 1.299357000000000095e+00 -1.499999999999999944e-01 -5.636550179083668066e-01
6.456089999999999884e-01 1.299357000000000095e+00 -1.499999999999999944e-01 -4.826046742916234589e-01
7.143389999999999462e-01 1.299357000000000095e+00 -1.499999999999999944e-01 -4.343667315387601535e-01
7.782799999999999718e-01 1.299357000000000095e+00 -1.499999999999999944e-01 -4.176780256877418163e-01
8.360049999999999981e-01 1.299357000000000095e+00 -1.499999999999999944e-01 -3.970254848916535684e-01
8.862250000000000405e-01 1.299357000000000095e+00 -1.499999999999999944e-01 -3.855245695028880482e-01
9.278170000000000028e-01 1.299357000000000095e+00 -1.499999999999999944e-01 -3.786550148360528500e-01
9.598520000000000385e-01 1.299357000000000095e+00 -1.499999999999999944e-01 -3.805985549968879389e-01
9.816139999999999866e-01 1.299357000000000095e+00 -1.499999999999999944e-01 -4.059858100567316219e-01
9.926190000000000291e-01 1.299357000000000095e+00 -1.499999999999999944e-01 -4.503202153999985025e-01
7.381000000000000408e-03 1.408557000000000059e+00 -1.499999999999999944e-01 -7.953240188157387758e-01
1.838599999999999957e-02 1.408557000000000059e+00 -1.499999999999999944e-01 -9.741784382006352105e-01
4.014800000000000313e-02 1.408557000000000059e+00 -1.499999999999999944e-01 -9.534418331661854706e-01
7.218299999999999716e-02 1.408557000000000059e+00 -1.499999999999999944e-01 -8.324581375305166731e-01
1.137750000000000011e-01 1.408557000000000059e+00 -1.499999999999999944e-01 -7.811478212799671805e-01
1.639950000000000019e-01 1.408557000000000059e+00 -1.499999999999999944e-01 -7.832702882988347159e-01
2.217200000000000004e-01 1.408557000000000059e+00 -1.499999999999999944e-01 -7.786403503343620747e-01
2.856609999999999983e-01 1.408557000000000059e+00 -1.499999999999999944e-01 -7.771214952784314400e-01
3.543910000000000116e-01 1.408557000000000059e+00 -1.499999999999999944e-01 -7.602333171453282690e-01
4.263730000000000020e-01 1.408557000000000059e+00 -1.499999999999999944e-01 -7.279201771343226657e-01
5.000000000000000000e-01 1.408557000000000059e+00 -1.499999999999999944e-01 -6.334702202017185035e-01
5.736269999999999980e-01 1.408557000000000059e+00 -1.499999999999999944e-01 -5.458114833378535646e-01
6.456089999999999884e-01 1.408557000000000059e+00 -1.499999999999999944e-01 -4.849798946904894104e-01
7.143389999999999462e-01 1.408557000000000059e+00 -1.499999999999999944e-01 -4.440474488696793398e-01
7.782799999999999718e-01 1.408557000000000059e+00 -1.499999999999999944e-01 -4.158653326444896048e-01
8.360049999999999981e-01 1.408557000000000059e+00 -1.499999999999999944e-01 -4.050197912865535765e-01
8.862250000000000405e-01 1.408557000000000059e+00 -1.499999999999999944e-01 -3.928164139805183641e-01
9.278170000000000028e-01 1.408557000000000059e+00 -1.499999999999999944e-01 -3.719648141249437545e-01
9.598520000000000385e-01 1.408557000000000059e+00 -1.499999999999999944e-01 -3.707790424665521889e-01
9.816139999999999866e-01 1.408557000000000059e+00 -1.499999999999999944e-01 -3.990019266958155231e-01
9.926190000000000291e-01 1.408557000000000059e+00 -1.499999999999999944e-01 -3.968189197684632852e-01
7.381000000000000408e-03 1.509880000000000111e+00 -1.499999999999999944e-01 -9.484843856203514223e-01
1.838599999999999957e-02 1.509880000000000111e+00 -1.499999999999999944e-01 -9.786090476958020368e-01
4.014800000000000313e-02 1.509880000000000111e+00 -1.499999999999999944e-01 -9.566053101004928783e-01
7.218299999999999716e-02 1.509880000000000111e+00 -1.499999999999999944e-01 -8.372839746947067230e-01
1.137750000000000011e-01 1.509880000000000111e+00 -1.499999999999999944e-01 -7.866277178061489295e-01
1.639950000000000019e-01 1.509880000000000111e+00 -1.499999999999999944e-01 -7.827030200054969633e-01
2.217200000000000004e-01 1.509880000000000111e+00 -1.499999999999999944e-01 -7.836986769433360589e-01
2.856609999999999983e-01 1.509880000000000111e+00 -1.499999999999999944e-01 -7.865216126413747677e-01
3.543910000000000116e-01 1.509880000000000111e+00 -1.499999999999999944e-01 -7.591522276038678019e-01
4.263730000000000020e-01 1.509880000000000111e+00 -1.499999999999999944e-01 -7.197804862411057991e-01
5.000000000000000000e-01 1.509880000000000111e+00 -1.499999999999999944e-01 -6.545602250142950052e-01
5.736269999999999980e-01 1.509880000000000111e+00 -1.499999999999999944e-01 -5.758641937860536908e-01
6.456089999999999884e-01 1.509880000000000111e+00 -1.499999999999999944e-01 -5.467609443783814083e-01
7.143389999999999462e-01 1.509880000000000111e+00 -1.499999999999999944e-01 -4.704572333543026175e-01
7.782799999999999718e-01 1.509880000000000111e+00 -1.499999999999999944e-01 -4.283947688452411362e-01
8.360049999999999981e-01 1.509880000000000111e+00 -1.499999999999999944e-01 -3.975465793006210391e-01
8.862250000000000405e-01 1.509880000000000111e+00 -1.499999999999999944e-01 -3.775091876793911227e-01
9.278170000000000028e-01 1.509880000000000111e+00 -1.499999999999999944e-01 -3.699653745475371402e-01
9.598520000000000385e-01 1.509880000000000111e+00 -1.499999999999999944e-01 -3.677128728967699045e-01
9.816139999999999866e-01 1.509880000000000111e+00 -1.499999999999999944e-01 -3.774113500154366307e-01
9.926190000000000291e-01 1.509880000000000111e+00 -1.499999999999999944e-01 -5.043924715172438678e-01
7.381000000000000408e-03 1.602759000000000045e+00 -1.499999999999999944e-01 -9.380944319655185604e-01
1.838599999999999957e-02 1.602759000000000045e+00 -1.499999999999999944e-01 -9.777156382782957733e-01
4.014800000000000313e-02 1.602759000000000045e+00 -1.499999999999999944e-01 -9.543050233600289811e-01
7.218299999999999716e-02 1.602759000000000045e+00 -1.499999999999999944e-01 -8.344691717443531997e-01
1.137750000000000011e-01 1.602759000000000045e+00 -1.499999999999999944e-01 -7.910897329167895231e-01
1.639950000000000019e-01 1.602759000000000045e+00 -1.499999999999999944e-01 -7.898993073391318287e-01
2.217200000000000004e-01 1.602759000000000045e+00 -1.499999999999999944e-01 -7.906659085348590743e-01
2.856609999999999983e-01 1.602759000000000045e+00 -1.499999999999999944e-01 -7.889922921344073581e-01
3.543910000000000116e-01 1.602759000000000045e+00 -1.499999999999999944e-01 -7.994400577660332186e-01
4.263730000000000020e-01 1.602759000000000045e+00 -1.499999999999999944e-01 -7.442018806003228848e-01
5.000000000000000000e-01 1.602759000000000045e+00 -1.499999999999999944e-01 -6.805257964412368965e-01
5.736269999999999980e-01 1.602759000000000045e+00 -1.499999999999999944e-01 -5.989531398087271086e-01
6.456089999999999884e-01 1.602759000000000045e+00 -1.499999999999999944e-01 -5.336220220882338383e-01
7.143389999999999462e-01 1.602759000000000045e+00 -1.499999999999999944e-01 -4.708127670417436295e-01
7.782799999999999718e-01 1.602759000000000045e+00 -1.499999999999999944e-01 -4.052951773082957843e-01
8.360049999999999981e-01 1.602759000000000045e+00 -1.499999999999999944e-01 -3.849083056795034596e-01
8.862250000000000405e-01 1.602759000000000045e+00 -1.499999999999999944e-01 -3.715834566577850828e-01
9.278170000000000028e-01 1.602759000000000045e+00 -1.499999999999999944e-01 -3.639903974121999619e-01
9.598520000000000385e-01 1.602759000000000045e+00 -1.499999999999999944e-01 -3.592309720558699571e-01
9.816139999999999866e-01 1.602759000000000045e+00 -1.499999999999999944e-01 -3.736953580405555364e-01
9.926190000000000291e-01 1.602759000000000045e+00 -1.499999999999999944e-01 -4.972147907503761677e-01
7.381000000000000408e-03 1.686674999999999924e+00 -1.499999999999999944e-01 -9.636901323887904214e-01
1.838599999999999957e-02 1.686674999999999924e+00 -1.499999999999999944e-01 -9.772176570373257709e-01
4.014800000000000313e-02 1.686674999999999924e+00 -1.499999999999999944e-01 -9.638138503759409170e-01
7.218299999999999716e-02 1.686674999999999924e+00 -1.499999999999999944e-01 -8.483391231624700657e-01
1.137750000000000011e-01 1.686674999999999924e+00 -1.499999999999999944e-01 -7.947983484958628386e-01
1.639950000000000019e-01 1.686674999999999924e+00 -1.499999999999999944e-01 -7.916193337708929967e-01
2.217200000000000004e-01 1.686674999999999924e+00 -1.499999999999999944e-01 -8.040218776353525998e-01
2.856609999999999983e-01 1.686674999999999924e+00 -1.499999999999999944e-01 -7.976292998390058786e-01
3.543910000000000116e-01 1.686674999999999924e+00 -1.499999999999999944e-01 -7.674076212193265967e-01
4.263730000000000020e-01 1.686674999999999924e+00 -1.499999999999999944e-01 -6.918360701297591175e-01
5.000000000000000000e-01 1.686674999999999924e+00 -1.499999999999999944e-01 -6.092141013883142220e-01
5.736269999999999980e-01 1.686674999999999924e+00 -1.499999999999999944e-01 -5.356852125158965139e-01
6.456089999999999884e-01 1.686674999999999924e+00 -1.499999999999999944e-01 -4.866178902949266361e-01
7.143389999999999462e-01 1.686674999999999924e+00 -1.499999999999999944e-01 -4.174934719063798649e-01
7.782799999999999718e-01 1.686674999999999924e+00 -1.499999999999999944e-01 -3.822164243177708642e-01
8.360049999999999981e-01 1.686674999999999924e+00 -1.499999999999999944e-01 -3.831286073837295025e-01
8.862250000000000405e-01 1.686674999999999924e+00 -1.499999999999999944e-01 -3.663550191706286263e-01
9.278170000000000028e-01 1.686674999999999924e+00 -1.499999999999999944e-01 -3.597944347818512467e-01
9.598520000000000385e-01 1.686674999999999924e+00 -1.499999999999999944e-01 -3.472745088400155389e-01
9.816139999999999866e-01 1.686674999999999924e+00 -1.499999999999999944e-01 -3.489099591004382606e-01
9.926190000000000291e-01 1.686674999999999924e+00 -1.499999999999999944e-01 -4.930086831984939466e-01
7.381000000000000408e-03 1.761158000000000001e+00 -1.499999999999999944e-01 -9.651666532373146534e-01
1.838599999999999957e-02 1.761158000000000001e+00 -1.499999999999999944e-01 -9.771741713870142343e-01
4.014800000000000313e-02 1.761158000000000001e+00 -1.499999999999999944e-01 -9.701081398508106801e-01
7.218299999999999716e-02 1.761158000000000001e+00 -1.499999999999999944e-01 -8.619883950444393594e-01
1.137750000000000011e-01 1.761158000000000001e+00 -1.499999999999999944e-01 -8.018610140182997892e-01
1.639950000000000019e-01 1.761158000000000001e+00 -1.499999999999999944e-01 -8.028670139208585743e-01
2.217200000000000004e-01 1.761158000000000001e+00 -1.499999999999999944e-01 -8.084227660686326145e-01
2.856609999999999983e-01 1.761158000000000001e+00 -1.499999999999999944e-01 -7.955957378992422058e-01
3.543910000000000116e-01 1.761158000000000001e+00 -1.499999999999999944e-01 -7.295038662128926488e-01
4.263730000000000020e-01 1.761158000000000001e+00 -1.499999999999999944e-01 -6.383762467095270843e-01
5.000000000000000000e-01 1.761158000000000001e+00 -1.499999999999999944e-01 -5.415011066750148316e-01
5.736269999999999980e-01 1.761158000000000001e+00 -1.499999999999999944e-01 -4.842024087178203873e-01
6.456089999999999884e-01 1.761158000000000001e+00 -1.499999999999999944e-01 -4.557133903472153080e-01
7.143389999999999462e-01 1.761158000000000001e+00 -1.499999999999999944e-01 -4.077802453664409188e-01
7.782799999999999718e-01 1.761158000000000001e+00 -1.499999999999999944e-01 -3.697604781040854105e-01
8.360049999999999981e-01 1.761158000000000001e+00 -1.499999999999999944e-01 -3.453012414369157623e-01
8.862250000000000405e-01 1.761158000000000001e+00 -1.499999999999999944e-01 -3.359585842626712227e-01
9.278170000000000028e-01 1.761158000000000001e+00 -1.499999999999999944e-01 -3.331129231118359346e-01
9.598520000000000385e-01 1.761158000000000001e+00 -1.499999999999999944e-01 -3.329767401075081623e-01
9.816139999999999866e-01 1.761158000000000001e+00 -1.499999999999999944e-01 -3.482710388764729825e-01
9.926190000000000291e-01 1.761158000000000001e+00 -1.499999999999999944e-01 -5.558288840708174305e-01
7.381000000000000408e-03 1.825792000000000082e+00 -1.499999999999999944e-01 -9.467797295844784244e-01
1.838599999999999957e-02 1.825792000000000082e+00 -1.499999999999999944e-01 -9.736039465211930866e-01
4.014800000000000313e-02 1.825792000000000082e+00 -1.499999999999999944e-01 -9.745541201540213194e-01
7.218299999999999716e-02 1.825792000000000082e+00 -1.499999999999999944e-01 -8.799982020190715293e-01
1.137750000000000011e-01 1.825792000000000082e+00 -1.499999999999999944e-01 -8.117780381616738206e-01
1.639950000000000019e-01 1.825792000000000082e+00 -1.499999999999999944e-01 -8.067022037118030120e-01
2.217200000000000004e-01 1.825792000000000082e+00 -1.499999999999999944e-01 -8.118572888481966343e-01
2.856609999999999983e-01 1.825792000000000082e+00 -1.499999999999999944e-01 -7.804960365126416555e-01
3.543910000000000116e-01 1.825792000000000082e+00 -1.499999999999999944e-01 -6.983364396445222999e-01
4.263730000000000020e-01 1.825792000000000082e+00 -1.499999999999999944e-01 -5.883688783010595502e-01
5.000000000000000000e-01 1.825792000000000082e+00 -1.499999999999999944e-01 -5.030410572459315111e-01
5.736269999999999980e-01 1.825792000000000082e+00 -1.499999999999999944e-01 -4.655807638283783745e-01
6.456089999999999884e-01 1.825792000000000082e+00 -1.499999999999999944e-01 -4.063268764628667484e-01
7.143389999999999462e-01 1.825792000000000082e+00 -1.499999999999999944e-01 -3.589713097116692953e-01
7.782799999999999718e-01 1.825792000000000082e+00 -1.499999999999999944e-01 -3.421405457614626333e-01
8.360049999999999981e-01 1.825792000000000082e+00 -1.499999999999999944e-01 -3.484348064642655562e-01
8.862250000000000405e-01 1.825792000000000082e+00 -1.499999999999999944e-01 -3.353375757325335327e-01
9.278170000000000028e-01 1.825792000000000082e+00 -1.499999999999999944e-01 -3.320444609784096723e-01
9.598520000000000385e-01 1.825792000000000082e+00 -1.499999999999999944e-01 -3.326905369982694483e-01
9.816139999999999866e-01 1.825792000000000082e+00 -1.499999999999999944e-01 -3.630366934246571642e-01
9.926190000000000291e-01 1.825792000000000082e+00 -1.499999999999999944e-01 -5.203378260127039523e-01
7.381000000000000408e-03 1.880216000000000109e+00 -1.499999999999999944e-01 -9.364505000352442154e-01
1.838599999999999957e-02 1.880216000000000109e+00 -1.499999999999999944e-01 -9.713755928020311181e-01
4.014800000000000313e-02 1.880216000000000109e+00 -1.499999999999999944e-01 -9.758499879157684909e-01
7.218299999999999716e-02 1.880216000000000109e+00 -1.499999999999999944e-01 -8.874603173847075421e-01
1.137750000000000011e-01 1.880216000000000109e+00 -1.499999999999999944e-01 -8.186035821305801541e-01
1.639950000000000019e-01 1.880216000000000109e+00 -1.499999999999999944e-01 -8.186385109432077201e-01
2.217200000000000004e-01 1.880216000000000109e+00 -1.499999999999999944e-01 -8.002233365575582846e-01
2.856609999999999983e-01 1.880216000000000109e+00 -1.499999999999999944e-01 -7.549511707144487271e-01
3.543910000000000116e-01 1.880216000000000109e+00 -1.499999999999999944e-01 -6.522105027171841707e-01
4.263730000000000020e-01 1.880216000000000109e+00 -1.499999999999999944e-01 -5.368048952582191724e-01
5.000000000000000000e-01 1.880216000000000109e+00 -1.499999999999999944e-01 -4.608906520022263975e-01
5.736269999999999980e-01 1.880216000000000109e+00 -1.499999999999999944e-01 -4.022297878265674864e-01
6.456089999999999884e-01 1.880216000000000109e+00 -1.499999999999999944e-01 -3.763981853883762163e-01
7.143389999999999462e-01 1.880216000000000109e+00 -1.499999999999999944e-01 -3.571511314898425105e-01
7.782799999999999718e-01 1.880216000000000109e+00 -1.499999999999999944e-01 -3.417877123025962471e-01
8.360049999999999981e-01 1.880216000000000109e+00 -1.499999999999999944e-01 -3.338483155785254564e-01
8.862250000000000405e-01 1.880216000000000109e+00 -1.499999999999999944e-01 -3.318271038213198576e-01
9.278170000000000028e-01 1.880216000000000109e+00 -1.499999999999999944e-01 -3.261276277829605053e-01
9.598520000000000385e-01 1.880216000000000109e+00 -1.499999999999999944e-01 -3.301205239646441414e-01
9.816139999999999866e-01 1.880216000000000109e+00 -1.499999999999999944e-01 -3.588524542734650158e-01
9.926190000000000291e-01 1.880216000000000109e+00 -1.499999999999999944e-01 -5.702672114180464824e-01
7.381000000000000408e-03 1.924123999999999945e+00 -1.499999999999999944e-01 -8.423623055565796491e-01
1.838599999999999957e-02 1.924123999999999945e+00 -1.499999999999999944e-01 -9.648767220880131168e-01
4.014800000000000313e-02 1.924123999999999945e+00 -1.499999999999999944e-01 -9.749502228005320070e-01
7.218299999999999716e-02 1.924123999999999945e+00 -1.499999999999999944e-01 -8.996329883180299580e-01
1.137750000000000011e-01 1.924123999999999945e+00 -1.499999999999999944e-01 -8.441850316671556387e-01
1.639950000000000019e-01 1.924123999999999945e+00 -1.499999999999999944e-01 -8.202051709657610656e-01
2.217200000000000004e-01 1.924123999999999945e+00 -1.499999999999999944e-01 -7.941553963151295470e-01
2.856609999999999983e-01 1.924123999999999945e+00 -1.499999999999999944e-01 -7.332859410636131114e-01
3.543910000000000116e-01 1.924123999999999945e+00 -1.499999999999999944e-01 -6.375593637600376340e-01
4.263730000000000020e-01 1.924123999999999945e+00 -1.499999999999999944e-01 -5.143786499890595776e-01
5.000000000000000000e-01 1.924123999999999945e+00 -1.499999999999999944e-01 -4.443772092031421095e-01
5.736269999999999980e-01 1.924123999999999945e+00 -1.499999999999999944e-01 -4.036312663720768024e-01
6.456089999999999884e-01 1.924123999999999945e+00 -1.499999999999999944e-01 -3.906282690624982568e-01
7.143389999999999462e-01 1.924123999999999945e+00 -1.499999999999999944e-01 -3.560373728851321529e-01
7.782799999999999718e-01 1.924123999999999945e+00 -1.499999999999999944e-01 -3.336355604441030853e-01
8.360049999999999981e-01 1.924123999999999945e+00 -1.499999999999999944e-01 -3.359775134528814045e-01
8.862250000000000405e-01 1.924123999999999945e+00 -1.499999999999999944e-01 -3.303432948624662746e-01
9.278170000000000028e-01 1.924123999999999945e+00 -1.499999999999999944e-01 -3.244569070788007603e-01
9.598520000000000385e-01 1.924123999999999945e+00 -1.499999999999999944e-01 -3.278765947735963193e-01
9.816139999999999866e-01 1.924123999999999945e+00 -1.499999999999999944e-01 -3.729872405353827913e-01
9.926190000000000291e-01 1.924123999999999945e+00 -1.499999999999999944e-01 -4.713763498238835448e-01
7.381000000000000408e-03 1.957271999999999901e+00 -1.499999999999999944e-01 -8.317865823938912495e-01
1.838599999999999957e-02 1.957271999999999901e+00 -1.499999999999999944e-01 -9.560513372549803712e-01
4.014800000000000313e-02 1.957271999999999901e+00 -1.499999999999999944e-01 -9.611017537827111212e-01
7.218299999999999716e-02 1.957271999999999901e+00 -1.499999999999999944e-01 -8.993389879638205020e-01
1.137750000000000011e-01 1.957271999999999901e+00 -1.499999999999999944e-01 -8.549345817743260190e-01
1.639950000000000019e-01 1.957271999999999901e+00 -1.499999999999999944e-01 -8.241184432239891944e-01
2.217200000000000004e-01 1.957271999999999901e+00 -1.499999999999999944e-01 -7.955554024864833762e-01
2.856609999999999983e-01 1.957271999999999901e+00 -1.499999999999999944e-01 -7.189819349161580275e-01
3.543910000000000116e-01 1.957271999999999901e+00 -1.499999999999999944e-01 -6.373207780977202530e-01
4.263730000000000020e-01 1.957271999999999901e+00 -1.499999999999999944e-01 -5.399990244282243390e-01
5.000000000000000000e-01 1.957271999999999901e+00 -1.499999999999999944e-01 -4.793853925200696198e-01
5.736269999999999980e-01 1.957271999999999901e+00 -1.499999999999999944e-01 -4.318550483367438186e-01
6.456089999999999884e-01 1.957271999999999901e+00 -1.499999999999999944e-01 -4.023087149461888057e-01
7.143389999999999462e-01 1.957271999999999901e+00 -1.499999999999999944e-01 -3.470701193535812301e-01
7.782799999999999718e-01 1.957271999999999901e+00 -1.499999999999999944e-01 -3.383347195522016793e-01
8.360049999999999981e-01 1.957271999999999901e+00 -1.499999999999999944e-01 -3.283385083444346209e-01
8.862250000000000405e-01 1.957271999999999901e+00 -1.499999999999999944e-01 -3.236892092141852584e-01
9.278170000000000028e-01 1.957271999999999901e+00 -1.499999999999999944e-01 -3.193086543977122216e-01
9.598520000000000385e-01 1.957271999999999901e+00 -1.499999999999999944e-01 -3.290892135911461791e-01
9.816139999999999866e-01 1.957271999999999901e+00 -1.499999999999999944e-01 -3.629691132424099353e-01
9.926190000000000291e-01 1.957271999999999901e+00 -1.499999999999999944e-01 -4.951801444867364177e-01
7.381000000000000408e-03 1.979475000000000096e+00 -1.499999999999999944e-01 -8.499587831321981923e-01
1.838599999999999957e-02 1.979475000000000096e+00 -1.499999999999999944e-01 -9.469670009763124785e-01
4.014800000000000313e-02 1.979475000000000096e+00 -1.499999999999999944e-01 -9.606470961027203659e-01
7.218299999999999716e-02 1.979475000000000096e+00 -1.499999999999999944e-01 -9.466141854299536806e-01
1.137750000000000011e-01 1.979475000000000096e+00 -1.499999999999999944e-01 -8.873661383863298280e-01
1.639950000000000019e-01 1.979475000000000096e+00 -1.499999999999999944e-01 -8.564637818800729940e-01
2.217200000000000004e-01 1.979475000000000096e+00 -1.499999999999999944e-01 -8.270554602171111824e-01
2.856609999999999983e-01 1.979475000000000096e+00 -1.499999999999999944e-01 -7.788637201548022082e-01
3.543910000000000116e-01 1.979475000000000096e+00 -1.499999999999999944e-01 -6.985675468501315599e-01
4.263730000000000020e-01 1.979475000000000096e+00 -1.499999999999999944e-01 -6.534402076480292365e-01
5.000000000000000000e-01 1.979475000000000096e+00 -1.499999999999999944e-01 -5.869765747348963947e-01
5.736269999999999980e-01 1.979475000000000096e+00 -1.499999999999999944e-01 -5.084323920531429453e-01
6.456089999999999884e-01 1.979475000000000096e+00 -1.499999999999999944e-01 -4.627140819184050180e-01
7.143389999999999462e-01 1.979475000000000096e+00 -1.499999999999999944e-01 -4.067108723470214682e-01
7.782799999999999718e-01 1.979475000000000096e+00 -1.499999999999999944e-01 -3.744937734506696425e-01
8.360049999999999981e-01 1.979475000000000096e+00 -1.499999999999999944e-01 -3.586865788044643621e-01
8.862250000000000405e-01 1.979475000000000096e+00 -1.499999999999999944e-01 -3.477191866094691552e-01
9.278170000000000028e-01 1.979475000000000096e+00 -1.499999999999999944e-01 -3.468691047597547983e-01
9.598520000000000385e-01 1.979475000000000096e+00 -1.499999999999999944e-01 -3.497565197788893299e-01
9.816139999999999866e-01 1.979475000000000096e+00 -1.499999999999999944e-01 -3.625637128067956683e-01
9.926190000000000291e-01 1.979475000000000096e+00 -1.499999999999999944e-01 -6.515030301334765461e-01
7.381000000000000408e-03 1.990607000000000015e+00 -1.499999999999999944e-01 -8.944658139215133641e-01
1.838599999999999957e-02 1.990607000000000015e+00 -1.499999999999999944e-01 -9.335204991063960067e-01
4.014800000000000313e-02 1.990607000000000015e+00 -1.499999999999999944e-01 -9.569269232370585243e-01
7.218299999999999716e-02 1.990607000000000015e+00 -1.499999999999999944e-01 -9.553855506013504417e-01
1.137750000000000011e-01 1.990607000000000015e+00 -1.499999999999999944e-01 -9.099040757270278057e-01
1.639950000000000019e-01 1.990607000000000015e+00 -1.499999999999999944e-01 -8.786989704911200016e-01
2.217200000000000004e-01 1.990607000000000015e+00 -1.499999999999999944e-01 -8.769098668671302388e-01
2.856609999999999983e-01 1.990607000000000015e+00 -1.499999999999999944e-01 -8.071305583269341444e-01
3.543910000000000116e-01 1.990607000000000015e+00 -1.499999999999999944e-01 -7.714245058668979249e-01
4.263730000000000020e-01 1.990607000000000015e+00 -1.499999999999999944e-01 -6.964846707493531630e-01
5.000000000000000000e-01 1.990607000000000015e+00 -1.499999999999999944e-01 -6.594914357084936674e-01
5.736269999999999980e-01 1.990607000000000015e+00 -1.499999999999999944e-01 -5.708432402694977315e-01
6.456089999999999884e-01 1.990607000000000015e+00 -1.499999999999999944e-01 -5.034109235232189228e-01
7.143389999999999462e-01 1.990607000000000015e+00 -1.499999999999999944e-01 -4.435159295320518780e-01
7.782799999999999718e-01 1.990607000000000015e+00 -1.499999999999999944e-01 -4.195212642523701296e-01
8.360049999999999981e-01 1.990607000000000015e+00 -1.499999999999999944e-01 -3.841557836350950050e-01
8.862250000000000405e-01 1.990607000000000015e+00 -1.499999999999999944e-01 -3.791028453087579853e-01
9.278170000000000028e-01 1.990607000000000015e+00 -1.499999999999999944e-01 -3.710226943007500777e-01
9.598520000000000385e-01 1.990607000000000015e+00 -1.499999999999999944e-01 -3.726876767292298664e-01
9.816139999999999866e-01 1.990607000000000015e+00 -1.499999999999999944e-01 -3.963453255746910986e-01
9.926190000000000291e-01 1.990607000000000015e+00 -1.499999999999999944e-01 -5.854871784260935463e-01
