# ['# x', 'y', 'z', 'rmsCpNN']
7.381276631653999921e-03 7.448299999999999366e-02 1.499995535888999920e-01 1.904710598130080479e-01
1.838565982254000003e-02 7.448299999999999366e-02 1.500003205590000055e-01 2.124237557791208708e-01
4.014837186451999940e-02 7.448299999999999366e-02 1.499995606209000021e-01 2.155256734946074393e-01
7.218311151832000616e-02 7.448299999999999366e-02 1.500001206420999988e-01 1.984552472258358236e-01
1.137752944478999939e-01 7.448299999999999366e-02 1.500005083931000016e-01 2.031435166536323944e-01
1.639952089172999894e-01 7.448299999999999366e-02 1.499996808295999962e-01 1.929477715503590818e-01
2.217203991288999865e-01 7.448299999999999366e-02 1.499998700719999967e-01 1.850572343473608494e-01
2.856614687631999772e-01 7.448299999999999366e-02 1.500000124596999884e-01 1.791017635336194791e-01
3.543913841858000180e-01 7.448299999999999366e-02 1.500000289795999919e-01 1.730849838502099280e-01
4.263733266570000069e-01 7.448299999999999366e-02 1.500003208632000040e-01 1.703219307851355224e-01
4.999996515678999942e-01 7.448299999999999366e-02 1.499999869227000016e-01 1.675803091426587565e-01
5.736269161714000475e-01 7.448299999999999366e-02 1.499999950022999906e-01 1.614378116027128385e-01
6.456088586424999498e-01 7.448299999999999366e-02 1.500002868859000027e-01 1.562434088315324265e-01
7.143387740651999662e-01 7.448299999999999366e-02 1.500003034057000029e-01 1.483760759767588921e-01
7.782801857196000039e-01 7.448299999999999366e-02 1.499995061008999875e-01 1.413775722112953492e-01
8.360053759311999455e-01 7.448299999999999366e-02 1.499996953432000124e-01 1.389594550699918551e-01
8.862249483805000327e-01 7.448299999999999366e-02 1.499998074722999897e-01 1.398484971577187430e-01
9.278161916174999524e-01 7.448299999999999366e-02 1.499998532032000009e-01 1.447006606435704834e-01
9.598522129840000305e-01 7.448299999999999366e-02 1.499998155520000098e-01 1.547974995196743364e-01
9.816145830058999877e-01 7.448299999999999366e-02 1.499999953064999891e-01 1.749994338521001225e-01
9.926183685242999655e-01 7.448299999999999366e-02 1.499994805637999973e-01 1.665605869474884315e-01
7.381276631653999921e-03 2.230330000000000090e-01 1.499995535888999920e-01 1.877432514451598533e-01
1.838565982254000003e-02 2.230330000000000090e-01 1.500003205590000055e-01 2.026373687224980180e-01
4.014837186451999940e-02 2.230330000000000090e-01 1.499995606209000021e-01 1.955826064123481201e-01
7.218311151832000616e-02 2.230330000000000090e-01 1.500001206420999988e-01 1.747386371407627648e-01
1.137752944478999939e-01 2.230330000000000090e-01 1.500005083931000016e-01 1.770088122314839030e-01
1.639952089172999894e-01 2.230330000000000090e-01 1.499996808295999962e-01 1.836383265751871385e-01
2.217203991288999865e-01 2.230330000000000090e-01 1.499998700719999967e-01 1.852434433743996578e-01
2.856614687631999772e-01 2.230330000000000090e-01 1.500000124596999884e-01 1.906952640655545372e-01
3.543913841858000180e-01 2.230330000000000090e-01 1.500000289795999919e-01 1.852837966078964838e-01
4.263733266570000069e-01 2.230330000000000090e-01 1.500003208632000040e-01 1.789616212101833026e-01
4.999996515678999942e-01 2.230330000000000090e-01 1.499999869227000016e-01 1.762545564521637576e-01
5.736269161714000475e-01 2.230330000000000090e-01 1.499999950022999906e-01 1.663782773815239147e-01
6.456088586424999498e-01 2.230330000000000090e-01 1.500002868859000027e-01 1.589522373414800627e-01
7.143387740651999662e-01 2.230330000000000090e-01 1.500003034057000029e-01 1.499441482774987178e-01
7.782801857196000039e-01 2.230330000000000090e-01 1.499995061008999875e-01 1.434327286620599440e-01
8.360053759311999455e-01 2.230330000000000090e-01 1.499996953432000124e-01 1.396382526828549020e-01
8.862249483805000327e-01 2.230330000000000090e-01 1.499998074722999897e-01 1.408535157841823704e-01
9.278161916174999524e-01 2.230330000000000090e-01 1.499998532032000009e-01 1.459253243079741413e-01
9.598522129840000305e-01 2.230330000000000090e-01 1.499998155520000098e-01 1.615672444074255643e-01
9.816145830058999877e-01 2.230330000000000090e-01 1.499999953064999891e-01 1.881235440470395426e-01
9.926183685242999655e-01 2.230330000000000090e-01 1.499994805637999973e-01 1.796787396636465306e-01
7.381276631653999921e-03 3.703359999999999985e-01 1.499995535888999920e-01 1.856179960602274137e-01
1.838565982254000003e-02 3.703359999999999985e-01 1.500003205590000055e-01 1.885409676778979915e-01
4.014837186451999940e-02 3.703359999999999985e-01 1.499995606209000021e-01 1.812024617564854112e-01
7.218311151832000616e-02 3.703359999999999985e-01 1.500001206420999988e-01 1.632176967601356998e-01
1.137752944478999939e-01 3.703359999999999985e-01 1.500005083931000016e-01 1.589194936764215804e-01
1.639952089172999894e-01 3.703359999999999985e-01 1.499996808295999962e-01 1.659049706329124851e-01
2.217203991288999865e-01 3.703359999999999985e-01 1.499998700719999967e-01 1.657142011546722804e-01
2.856614687631999772e-01 3.703359999999999985e-01 1.500000124596999884e-01 1.730650159882820283e-01
3.543913841858000180e-01 3.703359999999999985e-01 1.500000289795999919e-01 1.732901312265449079e-01
4.263733266570000069e-01 3.703359999999999985e-01 1.500003208632000040e-01 1.740658522429052446e-01
4.999996515678999942e-01 3.703359999999999985e-01 1.499999869227000016e-01 1.739704564726728964e-01
5.736269161714000475e-01 3.703359999999999985e-01 1.499999950022999906e-01 1.675309960378951746e-01
6.456088586424999498e-01 3.703359999999999985e-01 1.500002868859000027e-01 1.590773567041872671e-01
7.143387740651999662e-01 3.703359999999999985e-01 1.500003034057000029e-01 1.513063217518953729e-01
7.782801857196000039e-01 3.703359999999999985e-01 1.499995061008999875e-01 1.447107925686559882e-01
8.360053759311999455e-01 3.703359999999999985e-01 1.499996953432000124e-01 1.420356875891354009e-01
8.862249483805000327e-01 3.703359999999999985e-01 1.499998074722999897e-01 1.435570694055341434e-01
9.278161916174999524e-01 3.703359999999999985e-01 1.499998532032000009e-01 1.517727771762888422e-01
9.598522129840000305e-01 3.703359999999999985e-01 1.499998155520000098e-01 1.750379845788387900e-01
9.816145830058999877e-01 3.703359999999999985e-01 1.499999953064999891e-01 2.013177065926778087e-01
9.926183685242999655e-01 3.703359999999999985e-01 1.499994805637999973e-01 1.918271481112373555e-01
7.381276631653999921e-03 5.155680000000000263e-01 1.499995535888999920e-01 1.779210528758084775e-01
1.838565982254000003e-02 5.155680000000000263e-01 1.500003205590000055e-01 1.784491010361861085e-01
4.014837186451999940e-02 5.155680000000000263e-01 1.499995606209000021e-01 1.752128107187110040e-01
7.218311151832000616e-02 5.155680000000000263e-01 1.500001206420999988e-01 1.582048290856722383e-01
1.137752944478999939e-01 5.155680000000000263e-01 1.500005083931000016e-01 1.516928295411746341e-01
1.639952089172999894e-01 5.155680000000000263e-01 1.499996808295999962e-01 1.583559638393528257e-01
2.217203991288999865e-01 5.155680000000000263e-01 1.499998700719999967e-01 1.561146603572743929e-01
2.856614687631999772e-01 5.155680000000000263e-01 1.500000124596999884e-01 1.619938675602992095e-01
3.543913841858000180e-01 5.155680000000000263e-01 1.500000289795999919e-01 1.635645696585558695e-01
4.263733266570000069e-01 5.155680000000000263e-01 1.500003208632000040e-01 1.641477054168482830e-01
4.999996515678999942e-01 5.155680000000000263e-01 1.499999869227000016e-01 1.618571644660500852e-01
5.736269161714000475e-01 5.155680000000000263e-01 1.499999950022999906e-01 1.582486211780083085e-01
6.456088586424999498e-01 5.155680000000000263e-01 1.500002868859000027e-01 1.520484118769623305e-01
7.143387740651999662e-01 5.155680000000000263e-01 1.500003034057000029e-01 1.477601021109744284e-01
7.782801857196000039e-01 5.155680000000000263e-01 1.499995061008999875e-01 1.425518910139662032e-01
8.360053759311999455e-01 5.155680000000000263e-01 1.499996953432000124e-01 1.419472809836408445e-01
8.862249483805000327e-01 5.155680000000000263e-01 1.499998074722999897e-01 1.475257008470396147e-01
9.278161916174999524e-01 5.155680000000000263e-01 1.499998532032000009e-01 1.583710161464267074e-01
9.598522129840000305e-01 5.155680000000000263e-01 1.499998155520000098e-01 1.825731434191902036e-01
9.816145830058999877e-01 5.155680000000000263e-01 1.499999953064999891e-01 2.159857171504721285e-01
9.926183685242999655e-01 5.155680000000000263e-01 1.499994805637999973e-01 1.994280225630527814e-01
7.381276631653999921e-03 6.579159999999999453e-01 1.499995535888999920e-01 1.821267748398789077e-01
1.838565982254000003e-02 6.579159999999999453e-01 1.500003205590000055e-01 1.864853837272478776e-01
4.014837186451999940e-02 6.579159999999999453e-01 1.499995606209000021e-01 1.669490484715442091e-01
7.218311151832000616e-02 6.579159999999999453e-01 1.500001206420999988e-01 1.502471004116539000e-01
1.137752944478999939e-01 6.579159999999999453e-01 1.500005083931000016e-01 1.426111214668961125e-01
1.639952089172999894e-01 6.579159999999999453e-01 1.499996808295999962e-01 1.461479833951533081e-01
2.217203991288999865e-01 6.579159999999999453e-01 1.499998700719999967e-01 1.451863972179542606e-01
2.856614687631999772e-01 6.579159999999999453e-01 1.500000124596999884e-01 1.479082308006745006e-01
3.543913841858000180e-01 6.579159999999999453e-01 1.500000289795999919e-01 1.534822390685356974e-01
4.263733266570000069e-01 6.579159999999999453e-01 1.500003208632000040e-01 1.577956942747431035e-01
4.999996515678999942e-01 6.579159999999999453e-01 1.499999869227000016e-01 1.585389652874863442e-01
5.736269161714000475e-01 6.579159999999999453e-01 1.499999950022999906e-01 1.516638672037895486e-01
6.456088586424999498e-01 6.579159999999999453e-01 1.500002868859000027e-01 1.457460685422568569e-01
7.143387740651999662e-01 6.579159999999999453e-01 1.500003034057000029e-01 1.412555904759866809e-01
7.782801857196000039e-01 6.579159999999999453e-01 1.499995061008999875e-01 1.380569095544944003e-01
8.360053759311999455e-01 6.579159999999999453e-01 1.499996953432000124e-01 1.367065175773056473e-01
8.862249483805000327e-01 6.579159999999999453e-01 1.499998074722999897e-01 1.419397883987677245e-01
9.278161916174999524e-01 6.579159999999999453e-01 1.499998532032000009e-01 1.542655730636413036e-01
9.598522129840000305e-01 6.579159999999999453e-01 1.499998155520000098e-01 1.793561444166413832e-01
9.816145830058999877e-01 6.579159999999999453e-01 1.499999953064999891e-01 2.081722803143808698e-01
9.926183685242999655e-01 6.579159999999999453e-01 1.499994805637999973e-01 1.952292850148278913e-01
7.381276631653999921e-03 7.965849999999999875e-01 1.499995535888999920e-01 1.745845560832646193e-01
1.838565982254000003e-02 7.965849999999999875e-01 1.500003205590000055e-01 1.696113818214931845e-01
4.014837186451999940e-02 7.965849999999999875e-01 1.499995606209000021e-01 1.647867824595019848e-01
7.218311151832000616e-02 7.965849999999999875e-01 1.500001206420999988e-01 1.489690348519475960e-01
1.137752944478999939e-01 7.965849999999999875e-01 1.500005083931000016e-01 1.410609511562493923e-01
1.639952089172999894e-01 7.965849999999999875e-01 1.499996808295999962e-01 1.417470567649920798e-01
2.217203991288999865e-01 7.965849999999999875e-01 1.499998700719999967e-01 1.387047895086948868e-01
2.856614687631999772e-01 7.965849999999999875e-01 1.500000124596999884e-01 1.406078260712101957e-01
3.543913841858000180e-01 7.965849999999999875e-01 1.500000289795999919e-01 1.440487859180101804e-01
4.263733266570000069e-01 7.965849999999999875e-01 1.500003208632000040e-01 1.463504427373409078e-01
4.999996515678999942e-01 7.965849999999999875e-01 1.499999869227000016e-01 1.469055341530807746e-01
5.736269161714000475e-01 7.965849999999999875e-01 1.499999950022999906e-01 1.414694699862903138e-01
6.456088586424999498e-01 7.965849999999999875e-01 1.500002868859000027e-01 1.362108125589552576e-01
7.143387740651999662e-01 7.965849999999999875e-01 1.500003034057000029e-01 1.330711329861168080e-01
7.782801857196000039e-01 7.965849999999999875e-01 1.499995061008999875e-01 1.303419762774200019e-01
8.360053759311999455e-01 7.965849999999999875e-01 1.499996953432000124e-01 1.300529461641505846e-01
8.862249483805000327e-01 7.965849999999999875e-01 1.499998074722999897e-01 1.361649148806370335e-01
9.278161916174999524e-01 7.965849999999999875e-01 1.499998532032000009e-01 1.469808515717009600e-01
9.598522129840000305e-01 7.965849999999999875e-01 1.499998155520000098e-01 1.726485194292718128e-01
9.816145830058999877e-01 7.965849999999999875e-01 1.499999953064999891e-01 2.051477988609333725e-01
9.926183685242999655e-01 7.965849999999999875e-01 1.499994805637999973e-01 2.023961040510484088e-01
7.381276631653999921e-03 9.307990000000000430e-01 1.499995535888999920e-01 1.556407305610987835e-01
1.838565982254000003e-02 9.307990000000000430e-01 1.500003205590000055e-01 1.566808764648284502e-01
4.014837186451999940e-02 9.307990000000000430e-01 1.499995606209000021e-01 1.645583645419143870e-01
7.218311151832000616e-02 9.307990000000000430e-01 1.500001206420999988e-01 1.447423054245808860e-01
1.137752944478999939e-01 9.307990000000000430e-01 1.500005083931000016e-01 1.380189772189958086e-01
1.639952089172999894e-01 9.307990000000000430e-01 1.499996808295999962e-01 1.376478506106560973e-01
2.217203991288999865e-01 9.307990000000000430e-01 1.499998700719999967e-01 1.346943255008063722e-01
2.856614687631999772e-01 9.307990000000000430e-01 1.500000124596999884e-01 1.357505864632900794e-01
3.543913841858000180e-01 9.307990000000000430e-01 1.500000289795999919e-01 1.375161261886934660e-01
4.263733266570000069e-01 9.307990000000000430e-01 1.500003208632000040e-01 1.391355113941479815e-01
4.999996515678999942e-01 9.307990000000000430e-01 1.499999869227000016e-01 1.351105227178385215e-01
5.736269161714000475e-01 9.307990000000000430e-01 1.499999950022999906e-01 1.313013226002031630e-01
6.456088586424999498e-01 9.307990000000000430e-01 1.500002868859000027e-01 1.272951060861540196e-01
7.143387740651999662e-01 9.307990000000000430e-01 1.500003034057000029e-01 1.247790470303232341e-01
7.782801857196000039e-01 9.307990000000000430e-01 1.499995061008999875e-01 1.208342888785099295e-01
8.360053759311999455e-01 9.307990000000000430e-01 1.499996953432000124e-01 1.198024561911563701e-01
8.862249483805000327e-01 9.307990000000000430e-01 1.499998074722999897e-01 1.263439448446972979e-01
9.278161916174999524e-01 9.307990000000000430e-01 1.499998532032000009e-01 1.387991689343184287e-01
9.598522129840000305e-01 9.307990000000000430e-01 1.499998155520000098e-01 1.608286640620579522e-01
9.816145830058999877e-01 9.307990000000000430e-01 1.499999953064999891e-01 1.844336707413181953e-01
9.926183685242999655e-01 9.307990000000000430e-01 1.499994805637999973e-01 1.709093283027218191e-01
7.381276631653999921e-03 1.059808000000000083e+00 1.499995535888999920e-01 1.803894176171817465e-01
1.838565982254000003e-02 1.059808000000000083e+00 1.500003205590000055e-01 1.776910348707740062e-01
4.014837186451999940e-02 1.059808000000000083e+00 1.499995606209000021e-01 1.656884706071167224e-01
7.218311151832000616e-02 1.059808000000000083e+00 1.500001206420999988e-01 1.442174045301836127e-01
1.137752944478999939e-01 1.059808000000000083e+00 1.500005083931000016e-01 1.331771673543237777e-01
1.639952089172999894e-01 1.059808000000000083e+00 1.499996808295999962e-01 1.359918245976205475e-01
2.217203991288999865e-01 1.059808000000000083e+00 1.499998700719999967e-01 1.331304921014541121e-01
2.856614687631999772e-01 1.059808000000000083e+00 1.500000124596999884e-01 1.325620000816917221e-01
3.543913841858000180e-01 1.059808000000000083e+00 1.500000289795999919e-01 1.316638163210647750e-01
4.263733266570000069e-01 1.059808000000000083e+00 1.500003208632000040e-01 1.302535024815716092e-01
4.999996515678999942e-01 1.059808000000000083e+00 1.499999869227000016e-01 1.287543336702156593e-01
5.736269161714000475e-01 1.059808000000000083e+00 1.499999950022999906e-01 1.235631773172633924e-01
6.456088586424999498e-01 1.059808000000000083e+00 1.500002868859000027e-01 1.199058671946167665e-01
7.143387740651999662e-01 1.059808000000000083e+00 1.500003034057000029e-01 1.167776021962602384e-01
7.782801857196000039e-01 1.059808000000000083e+00 1.499995061008999875e-01 1.117246374141233761e-01
8.360053759311999455e-01 1.059808000000000083e+00 1.499996953432000124e-01 1.108696603658733959e-01
8.862249483805000327e-01 1.059808000000000083e+00 1.499998074722999897e-01 1.167542595839721337e-01
9.278161916174999524e-01 1.059808000000000083e+00 1.499998532032000009e-01 1.288658441467137872e-01
9.598522129840000305e-01 1.059808000000000083e+00 1.499998155520000098e-01 1.483199839955822719e-01
9.816145830058999877e-01 1.059808000000000083e+00 1.499999953064999891e-01 1.778659839330121450e-01
9.926183685242999655e-01 1.059808000000000083e+00 1.499994805637999973e-01 1.682621514286323228e-01
7.381276631653999921e-03 1.182889999999999997e+00 1.499995535888999920e-01 1.775723405214564565e-01
1.838565982254000003e-02 1.182889999999999997e+00 1.500003205590000055e-01 1.633045464159051385e-01
4.014837186451999940e-02 1.182889999999999997e+00 1.499995606209000021e-01 1.629428835634001982e-01
7.218311151832000616e-02 1.182889999999999997e+00 1.500001206420999988e-01 1.441366106581388473e-01
1.137752944478999939e-01 1.182889999999999997e+00 1.500005083931000016e-01 1.320388252702345833e-01
1.639952089172999894e-01 1.182889999999999997e+00 1.499996808295999962e-01 1.335866529196522712e-01
2.217203991288999865e-01 1.182889999999999997e+00 1.499998700719999967e-01 1.302328216977211295e-01
2.856614687631999772e-01 1.182889999999999997e+00 1.500000124596999884e-01 1.281786931519442452e-01
3.543913841858000180e-01 1.182889999999999997e+00 1.500000289795999919e-01 1.276022289380689956e-01
4.263733266570000069e-01 1.182889999999999997e+00 1.500003208632000040e-01 1.259813248154730281e-01
4.999996515678999942e-01 1.182889999999999997e+00 1.499999869227000016e-01 1.222851121129059221e-01
5.736269161714000475e-01 1.182889999999999997e+00 1.499999950022999906e-01 1.169251664194717877e-01
6.456088586424999498e-01 1.182889999999999997e+00 1.500002868859000027e-01 1.121289264039006389e-01
7.143387740651999662e-01 1.182889999999999997e+00 1.500003034057000029e-01 1.092359181514689220e-01
7.782801857196000039e-01 1.182889999999999997e+00 1.499995061008999875e-01 1.054084415828129284e-01
8.360053759311999455e-01 1.182889999999999997e+00 1.499996953432000124e-01 1.046850758699489486e-01
8.862249483805000327e-01 1.182889999999999997e+00 1.499998074722999897e-01 1.091410064818608555e-01
9.278161916174999524e-01 1.182889999999999997e+00 1.499998532032000009e-01 1.192368155912361255e-01
9.598522129840000305e-01 1.182889999999999997e+00 1.499998155520000098e-01 1.390583368574441481e-01
9.816145830058999877e-01 1.182889999999999997e+00 1.499999953064999891e-01 1.678271331222591645e-01
9.926183685242999655e-01 1.182889999999999997e+00 1.499994805637999973e-01 1.549537326747193744e-01
7.381276631653999921e-03 1.299357000000000095e+00 1.499995535888999920e-01 1.650410584632697741e-01
1.838565982254000003e-02 1.299357000000000095e+00 1.500003205590000055e-01 1.586435652845905042e-01
4.014837186451999940e-02 1.299357000000000095e+00 1.499995606209000021e-01 1.656081575888210533e-01
7.218311151832000616e-02 1.299357000000000095e+00 1.500001206420999988e-01 1.402020792550769668e-01
1.137752944478999939e-01 1.299357000000000095e+00 1.500005083931000016e-01 1.305416721337916697e-01
1.639952089172999894e-01 1.299357000000000095e+00 1.499996808295999962e-01 1.304480649140391246e-01
2.217203991288999865e-01 1.299357000000000095e+00 1.499998700719999967e-01 1.270886156331419437e-01
2.856614687631999772e-01 1.299357000000000095e+00 1.500000124596999884e-01 1.251256060258962022e-01
3.543913841858000180e-01 1.299357000000000095e+00 1.500000289795999919e-01 1.231666187765968618e-01
4.263733266570000069e-01 1.299357000000000095e+00 1.500003208632000040e-01 1.218175557278582399e-01
4.999996515678999942e-01 1.299357000000000095e+00 1.499999869227000016e-01 1.175427167406470769e-01
5.736269161714000475e-01 1.299357000000000095e+00 1.499999950022999906e-01 1.127087958799463385e-01
6.456088586424999498e-01 1.299357000000000095e+00 1.500002868859000027e-01 1.071873471299611830e-01
7.143387740651999662e-01 1.299357000000000095e+00 1.500003034057000029e-01 1.041662977139440754e-01
7.782801857196000039e-01 1.299357000000000095e+00 1.499995061008999875e-01 9.929821994774713778e-02
8.360053759311999455e-01 1.299357000000000095e+00 1.499996953432000124e-01 9.774421598384931686e-02
8.862249483805000327e-01 1.299357000000000095e+00 1.499998074722999897e-01 1.020092244965624256e-01
9.278161916174999524e-01 1.299357000000000095e+00 1.499998532032000009e-01 1.135914702785126851e-01
9.598522129840000305e-01 1.299357000000000095e+00 1.499998155520000098e-01 1.308803228588624190e-01
9.816145830058999877e-01 1.299357000000000095e+00 1.499999953064999891e-01 1.515374240935039030e-01
9.926183685242999655e-01 1.299357000000000095e+00 1.499994805637999973e-01 1.424284319717414871e-01
7.381276631653999921e-03 1.408557000000000059e+00 1.499995535888999920e-01 1.501891704430168561e-01
1.838565982254000003e-02 1.408557000000000059e+00 1.500003205590000055e-01 1.599171232458745373e-01
4.014837186451999940e-02 1.408557000000000059e+00 1.499995606209000021e-01 1.631367666828602292e-01
7.218311151832000616e-02 1.408557000000000059e+00 1.500001206420999988e-01 1.384124520820311233e-01
1.137752944478999939e-01 1.408557000000000059e+00 1.500005083931000016e-01 1.283077882483026899e-01
1.639952089172999894e-01 1.408557000000000059e+00 1.499996808295999962e-01 1.279538322811686335e-01
2.217203991288999865e-01 1.408557000000000059e+00 1.499998700719999967e-01 1.238876121303636862e-01
2.856614687631999772e-01 1.408557000000000059e+00 1.500000124596999884e-01 1.216556107595264946e-01
3.543913841858000180e-01 1.408557000000000059e+00 1.500000289795999919e-01 1.193311707884897460e-01
4.263733266570000069e-01 1.408557000000000059e+00 1.500003208632000040e-01 1.181708378694104472e-01
4.999996515678999942e-01 1.408557000000000059e+00 1.499999869227000016e-01 1.143152435224981944e-01
5.736269161714000475e-01 1.408557000000000059e+00 1.499999950022999906e-01 1.100812594453892401e-01
6.456088586424999498e-01 1.408557000000000059e+00 1.500002868859000027e-01 1.052373479159493946e-01
7.143387740651999662e-01 1.408557000000000059e+00 1.500003034057000029e-01 1.014990839429203290e-01
7.782801857196000039e-01 1.408557000000000059e+00 1.499995061008999875e-01 9.745002888099782434e-02
8.360053759311999455e-01 1.408557000000000059e+00 1.499996953432000124e-01 9.806961742444655905e-02
8.862249483805000327e-01 1.408557000000000059e+00 1.499998074722999897e-01 1.045147227743175866e-01
9.278161916174999524e-01 1.408557000000000059e+00 1.499998532032000009e-01 1.146084684710114987e-01
9.598522129840000305e-01 1.408557000000000059e+00 1.499998155520000098e-01 1.314449622013966201e-01
9.816145830058999877e-01 1.408557000000000059e+00 1.499999953064999891e-01 1.494716343525209490e-01
9.926183685242999655e-01 1.408557000000000059e+00 1.499994805637999973e-01 1.375281396332364570e-01
7.381276631653999921e-03 1.509880000000000111e+00 1.499995535888999920e-01 1.812494542491416838e-01
1.838565982254000003e-02 1.509880000000000111e+00 1.500003205590000055e-01 1.648295656584453373e-01
4.014837186451999940e-02 1.509880000000000111e+00 1.499995606209000021e-01 1.647870425657634030e-01
7.218311151832000616e-02 1.509880000000000111e+00 1.500001206420999988e-01 1.378988449309524467e-01
1.137752944478999939e-01 1.509880000000000111e+00 1.500005083931000016e-01 1.260613349621204637e-01
1.639952089172999894e-01 1.509880000000000111e+00 1.499996808295999962e-01 1.265344023269457663e-01
2.217203991288999865e-01 1.509880000000000111e+00 1.499998700719999967e-01 1.202633044603078211e-01
2.856614687631999772e-01 1.509880000000000111e+00 1.500000124596999884e-01 1.173496044699110785e-01
3.543913841858000180e-01 1.509880000000000111e+00 1.500000289795999919e-01 1.148906798887646130e-01
4.263733266570000069e-01 1.509880000000000111e+00 1.500003208632000040e-01 1.128330141327290453e-01
4.999996515678999942e-01 1.509880000000000111e+00 1.499999869227000016e-01 1.111335758155370668e-01
5.736269161714000475e-01 1.509880000000000111e+00 1.499999950022999906e-01 1.088567335625401783e-01
6.456088586424999498e-01 1.509880000000000111e+00 1.500002868859000027e-01 1.062387343885010799e-01
7.143387740651999662e-01 1.509880000000000111e+00 1.500003034057000029e-01 1.025776629045076216e-01
7.782801857196000039e-01 1.509880000000000111e+00 1.499995061008999875e-01 9.993414172165916709e-02
8.360053759311999455e-01 1.509880000000000111e+00 1.499996953432000124e-01 1.022030388935332018e-01
8.862249483805000327e-01 1.509880000000000111e+00 1.499998074722999897e-01 1.070480083250979902e-01
9.278161916174999524e-01 1.509880000000000111e+00 1.499998532032000009e-01 1.167547765150345473e-01
9.598522129840000305e-01 1.509880000000000111e+00 1.499998155520000098e-01 1.339917017055763104e-01
9.816145830058999877e-01 1.509880000000000111e+00 1.499999953064999891e-01 1.572820790249332135e-01
9.926183685242999655e-01 1.509880000000000111e+00 1.499994805637999973e-01 1.487054677083479437e-01
7.381276631653999921e-03 1.602759000000000045e+00 1.499995535888999920e-01 1.779269676942642486e-01
1.838565982254000003e-02 1.602759000000000045e+00 1.500003205590000055e-01 1.656562724189380997e-01
4.014837186451999940e-02 1.602759000000000045e+00 1.499995606209000021e-01 1.662383430006721119e-01
7.218311151832000616e-02 1.602759000000000045e+00 1.500001206420999988e-01 1.357144706642047505e-01
1.137752944478999939e-01 1.602759000000000045e+00 1.500005083931000016e-01 1.255066464818123950e-01
1.639952089172999894e-01 1.602759000000000045e+00 1.499996808295999962e-01 1.246658381953741623e-01
2.217203991288999865e-01 1.602759000000000045e+00 1.499998700719999967e-01 1.182666944296864586e-01
2.856614687631999772e-01 1.602759000000000045e+00 1.500000124596999884e-01 1.150540734244327595e-01
3.543913841858000180e-01 1.602759000000000045e+00 1.500000289795999919e-01 1.119242385337524542e-01
4.263733266570000069e-01 1.602759000000000045e+00 1.500003208632000040e-01 1.108440683649476594e-01
4.999996515678999942e-01 1.602759000000000045e+00 1.499999869227000016e-01 1.116792772796183497e-01
5.736269161714000475e-01 1.602759000000000045e+00 1.499999950022999906e-01 1.107051668548697798e-01
6.456088586424999498e-01 1.602759000000000045e+00 1.500002868859000027e-01 1.088160815319157565e-01
7.143387740651999662e-01 1.602759000000000045e+00 1.500003034057000029e-01 1.080016702082605695e-01
7.782801857196000039e-01 1.602759000000000045e+00 1.499995061008999875e-01 1.067285311127158381e-01
8.360053759311999455e-01 1.602759000000000045e+00 1.499996953432000124e-01 1.072382219729730163e-01
8.862249483805000327e-01 1.602759000000000045e+00 1.499998074722999897e-01 1.103597837560697792e-01
9.278161916174999524e-01 1.602759000000000045e+00 1.499998532032000009e-01 1.174655644270210519e-01
9.598522129840000305e-01 1.602759000000000045e+00 1.499998155520000098e-01 1.329263126532755079e-01
9.816145830058999877e-01 1.602759000000000045e+00 1.499999953064999891e-01 1.506120157508239743e-01
9.926183685242999655e-01 1.602759000000000045e+00 1.499994805637999973e-01 1.510538906324572772e-01
7.381276631653999921e-03 1.686674999999999924e+00 1.499995535888999920e-01 1.814626747750153479e-01
1.838565982254000003e-02 1.686674999999999924e+00 1.500003205590000055e-01 1.801756350174990584e-01
4.014837186451999940e-02 1.686674999999999924e+00 1.499995606209000021e-01 1.729789716582811887e-01
7.218311151832000616e-02 1.686674999999999924e+00 1.500001206420999988e-01 1.351359992176738578e-01
1.137752944478999939e-01 1.686674999999999924e+00 1.500005083931000016e-01 1.242197887551003133e-01
1.639952089172999894e-01 1.686674999999999924e+00 1.499996808295999962e-01 1.231104133406412948e-01
2.217203991288999865e-01 1.686674999999999924e+00 1.499998700719999967e-01 1.168408299908389736e-01
2.856614687631999772e-01 1.686674999999999924e+00 1.500000124596999884e-01 1.132776708175832897e-01
3.543913841858000180e-01 1.686674999999999924e+00 1.500000289795999919e-01 1.114885105150087014e-01
4.263733266570000069e-01 1.686674999999999924e+00 1.500003208632000040e-01 1.125728772056949489e-01
4.999996515678999942e-01 1.686674999999999924e+00 1.499999869227000016e-01 1.166633390378882251e-01
5.736269161714000475e-01 1.686674999999999924e+00 1.499999950022999906e-01 1.172908763567663409e-01
6.456088586424999498e-01 1.686674999999999924e+00 1.500002868859000027e-01 1.167942763545656154e-01
7.143387740651999662e-01 1.686674999999999924e+00 1.500003034057000029e-01 1.175314706591394365e-01
7.782801857196000039e-01 1.686674999999999924e+00 1.499995061008999875e-01 1.165619991941409389e-01
8.360053759311999455e-01 1.686674999999999924e+00 1.499996953432000124e-01 1.168158970476795844e-01
8.862249483805000327e-01 1.686674999999999924e+00 1.499998074722999897e-01 1.187700008544224500e-01
9.278161916174999524e-01 1.686674999999999924e+00 1.499998532032000009e-01 1.245850464047237871e-01
9.598522129840000305e-01 1.686674999999999924e+00 1.499998155520000098e-01 1.380909881066558487e-01
9.816145830058999877e-01 1.686674999999999924e+00 1.499999953064999891e-01 1.551654793606757621e-01
9.926183685242999655e-01 1.686674999999999924e+00 1.499994805637999973e-01 1.483035092912429465e-01
7.381276631653999921e-03 1.761158000000000001e+00 1.499995535888999920e-01 1.900398758674003985e-01
1.838565982254000003e-02 1.761158000000000001e+00 1.500003205590000055e-01 1.816773114407843892e-01
4.014837186451999940e-02 1.761158000000000001e+00 1.499995606209000021e-01 1.712956564955390448e-01
7.218311151832000616e-02 1.761158000000000001e+00 1.500001206420999988e-01 1.357630377701800894e-01
1.137752944478999939e-01 1.761158000000000001e+00 1.500005083931000016e-01 1.243548704185591103e-01
1.639952089172999894e-01 1.761158000000000001e+00 1.499996808295999962e-01 1.219257581822469350e-01
2.217203991288999865e-01 1.761158000000000001e+00 1.499998700719999967e-01 1.157455462142985558e-01
2.856614687631999772e-01 1.761158000000000001e+00 1.500000124596999884e-01 1.134041489319306956e-01
3.543913841858000180e-01 1.761158000000000001e+00 1.500000289795999919e-01 1.121978739148630499e-01
4.263733266570000069e-01 1.761158000000000001e+00 1.500003208632000040e-01 1.142531350046287475e-01
4.999996515678999942e-01 1.761158000000000001e+00 1.499999869227000016e-01 1.190991920782174529e-01
5.736269161714000475e-01 1.761158000000000001e+00 1.499999950022999906e-01 1.239989910462025585e-01
6.456088586424999498e-01 1.761158000000000001e+00 1.500002868859000027e-01 1.297217916365265011e-01
7.143387740651999662e-01 1.761158000000000001e+00 1.500003034057000029e-01 1.315889119446677080e-01
7.782801857196000039e-01 1.761158000000000001e+00 1.499995061008999875e-01 1.305756187540216828e-01
8.360053759311999455e-01 1.761158000000000001e+00 1.499996953432000124e-01 1.302700310679772155e-01
8.862249483805000327e-01 1.761158000000000001e+00 1.499998074722999897e-01 1.293780376306928881e-01
9.278161916174999524e-01 1.761158000000000001e+00 1.499998532032000009e-01 1.323529056083843358e-01
9.598522129840000305e-01 1.761158000000000001e+00 1.499998155520000098e-01 1.431309545770242941e-01
9.816145830058999877e-01 1.761158000000000001e+00 1.499999953064999891e-01 1.597190837216755643e-01
9.926183685242999655e-01 1.761158000000000001e+00 1.499994805637999973e-01 1.551588999997340068e-01
7.381276631653999921e-03 1.825792000000000082e+00 1.499995535888999920e-01 1.769943965373211581e-01
1.838565982254000003e-02 1.825792000000000082e+00 1.500003205590000055e-01 1.732173588010422483e-01
4.014837186451999940e-02 1.825792000000000082e+00 1.499995606209000021e-01 1.718414875003149156e-01
7.218311151832000616e-02 1.825792000000000082e+00 1.500001206420999988e-01 1.338932152794093111e-01
1.137752944478999939e-01 1.825792000000000082e+00 1.500005083931000016e-01 1.253902117696886476e-01
1.639952089172999894e-01 1.825792000000000082e+00 1.499996808295999962e-01 1.228160036002776817e-01
2.217203991288999865e-01 1.825792000000000082e+00 1.499998700719999967e-01 1.151934074655268508e-01
2.856614687631999772e-01 1.825792000000000082e+00 1.500000124596999884e-01 1.128709355906230005e-01
3.543913841858000180e-01 1.825792000000000082e+00 1.500000289795999919e-01 1.127445843978674422e-01
4.263733266570000069e-01 1.825792000000000082e+00 1.500003208632000040e-01 1.183971681405909526e-01
4.999996515678999942e-01 1.825792000000000082e+00 1.499999869227000016e-01 1.271064587938457724e-01
5.736269161714000475e-01 1.825792000000000082e+00 1.499999950022999906e-01 1.343893853693994556e-01
6.456088586424999498e-01 1.825792000000000082e+00 1.500002868859000027e-01 1.463060568124034955e-01
7.143387740651999662e-01 1.825792000000000082e+00 1.500003034057000029e-01 1.543927360179421782e-01
7.782801857196000039e-01 1.825792000000000082e+00 1.499995061008999875e-01 1.523219460859220054e-01
8.360053759311999455e-01 1.825792000000000082e+00 1.499996953432000124e-01 1.499778932803526865e-01
8.862249483805000327e-01 1.825792000000000082e+00 1.499998074722999897e-01 1.460341483145444486e-01
9.278161916174999524e-01 1.825792000000000082e+00 1.499998532032000009e-01 1.427109927888891572e-01
9.598522129840000305e-01 1.825792000000000082e+00 1.499998155520000098e-01 1.499637811264120657e-01
9.816145830058999877e-01 1.825792000000000082e+00 1.499999953064999891e-01 1.673998035284740560e-01
9.926183685242999655e-01 1.825792000000000082e+00 1.499994805637999973e-01 1.606089766086439830e-01
7.381276631653999921e-03 1.880216000000000109e+00 1.499995535888999920e-01 2.023749503959865748e-01
1.838565982254000003e-02 1.880216000000000109e+00 1.500003205590000055e-01 1.685846974877265869e-01
4.014837186451999940e-02 1.880216000000000109e+00 1.499995606209000021e-01 1.657753070936522632e-01
7.218311151832000616e-02 1.880216000000000109e+00 1.500001206420999988e-01 1.345170542721390583e-01
1.137752944478999939e-01 1.880216000000000109e+00 1.500005083931000016e-01 1.261559299629123609e-01
1.639952089172999894e-01 1.880216000000000109e+00 1.499996808295999962e-01 1.198732427720154009e-01
2.217203991288999865e-01 1.880216000000000109e+00 1.499998700719999967e-01 1.137568552525059784e-01
2.856614687631999772e-01 1.880216000000000109e+00 1.500000124596999884e-01 1.132643883826866676e-01
3.543913841858000180e-01 1.880216000000000109e+00 1.500000289795999919e-01 1.169805535198256696e-01
4.263733266570000069e-01 1.880216000000000109e+00 1.500003208632000040e-01 1.247960192725867390e-01
4.999996515678999942e-01 1.880216000000000109e+00 1.499999869227000016e-01 1.413495793584486626e-01
5.736269161714000475e-01 1.880216000000000109e+00 1.499999950022999906e-01 1.526977074403187140e-01
6.456088586424999498e-01 1.880216000000000109e+00 1.500002868859000027e-01 1.714917068853158422e-01
7.143387740651999662e-01 1.880216000000000109e+00 1.500003034057000029e-01 1.773295772358388367e-01
7.782801857196000039e-01 1.880216000000000109e+00 1.499995061008999875e-01 1.791730678505288332e-01
8.360053759311999455e-01 1.880216000000000109e+00 1.499996953432000124e-01 1.769033218940794516e-01
8.862249483805000327e-01 1.880216000000000109e+00 1.499998074722999897e-01 1.697790354439713267e-01
9.278161916174999524e-01 1.880216000000000109e+00 1.499998532032000009e-01 1.609771900834148228e-01
9.598522129840000305e-01 1.880216000000000109e+00 1.499998155520000098e-01 1.611473920193136622e-01
9.816145830058999877e-01 1.880216000000000109e+00 1.499999953064999891e-01 1.738625344068963630e-01
9.926183685242999655e-01 1.880216000000000109e+00 1.499994805637999973e-01 1.908560827957590245e-01
7.381276631653999921e-03 1.924123999999999945e+00 1.499995535888999920e-01 1.531391104921231705e-01
1.838565982254000003e-02 1.924123999999999945e+00 1.500003205590000055e-01 1.542009456883263185e-01
4.014837186451999940e-02 1.924123999999999945e+00 1.499995606209000021e-01 1.609695059646331083e-01
7.218311151832000616e-02 1.924123999999999945e+00 1.500001206420999988e-01 1.298502003888147849e-01
1.137752944478999939e-01 1.924123999999999945e+00 1.500005083931000016e-01 1.261533701051667233e-01
1.639952089172999894e-01 1.924123999999999945e+00 1.499996808295999962e-01 1.189602469165030457e-01
2.217203991288999865e-01 1.924123999999999945e+00 1.499998700719999967e-01 1.155002618143025489e-01
2.856614687631999772e-01 1.924123999999999945e+00 1.500000124596999884e-01 1.182076183153698556e-01
3.543913841858000180e-01 1.924123999999999945e+00 1.500000289795999919e-01 1.276886231349976530e-01
4.263733266570000069e-01 1.924123999999999945e+00 1.500003208632000040e-01 1.424615755257535310e-01
4.999996515678999942e-01 1.924123999999999945e+00 1.499999869227000016e-01 1.672303021495913089e-01
5.736269161714000475e-01 1.924123999999999945e+00 1.499999950022999906e-01 1.760227289065149914e-01
6.456088586424999498e-01 1.924123999999999945e+00 1.500002868859000027e-01 1.916337709878307427e-01
7.143387740651999662e-01 1.924123999999999945e+00 1.500003034057000029e-01 1.943886377017491618e-01
7.782801857196000039e-01 1.924123999999999945e+00 1.499995061008999875e-01 2.007309844050177705e-01
8.360053759311999455e-01 1.924123999999999945e+00 1.499996953432000124e-01 1.984791271164588755e-01
8.862249483805000327e-01 1.924123999999999945e+00 1.499998074722999897e-01 1.981802947612953947e-01
9.278161916174999524e-01 1.924123999999999945e+00 1.499998532032000009e-01 1.902621367119944895e-01
9.598522129840000305e-01 1.924123999999999945e+00 1.499998155520000098e-01 1.812452307457891321e-01
9.816145830058999877e-01 1.924123999999999945e+00 1.499999953064999891e-01 1.850933954775795254e-01
9.926183685242999655e-01 1.924123999999999945e+00 1.499994805637999973e-01 1.743563946176048540e-01
7.381276631653999921e-03 1.957271999999999901e+00 1.499995535888999920e-01 1.535096332113297934e-01
1.838565982254000003e-02 1.957271999999999901e+00 1.500003205590000055e-01 1.510063406174378675e-01
4.014837186451999940e-02 1.957271999999999901e+00 1.499995606209000021e-01 1.676412082356254218e-01
7.218311151832000616e-02 1.957271999999999901e+00 1.500001206420999988e-01 1.317770546888193672e-01
1.137752944478999939e-01 1.957271999999999901e+00 1.500005083931000016e-01 1.282837032756607432e-01
1.639952089172999894e-01 1.957271999999999901e+00 1.499996808295999962e-01 1.199626520389699968e-01
2.217203991288999865e-01 1.957271999999999901e+00 1.499998700719999967e-01 1.211306778379610538e-01
2.856614687631999772e-01 1.957271999999999901e+00 1.500000124596999884e-01 1.288065307286720140e-01
3.543913841858000180e-01 1.957271999999999901e+00 1.500000289795999919e-01 1.518305652012797713e-01
4.263733266570000069e-01 1.957271999999999901e+00 1.500003208632000040e-01 1.824056220567012998e-01
4.999996515678999942e-01 1.957271999999999901e+00 1.499999869227000016e-01 2.110212365308974103e-01
5.736269161714000475e-01 1.957271999999999901e+00 1.499999950022999906e-01 2.046615473128389484e-01
6.456088586424999498e-01 1.957271999999999901e+00 1.500002868859000027e-01 2.134130440011042240e-01
7.143387740651999662e-01 1.957271999999999901e+00 1.500003034057000029e-01 2.186996294888080006e-01
7.782801857196000039e-01 1.957271999999999901e+00 1.499995061008999875e-01 2.248857982886948437e-01
8.360053759311999455e-01 1.957271999999999901e+00 1.499996953432000124e-01 2.217400957380301074e-01
8.862249483805000327e-01 1.957271999999999901e+00 1.499998074722999897e-01 2.324703464357687488e-01
9.278161916174999524e-01 1.957271999999999901e+00 1.499998532032000009e-01 2.472097662567222798e-01
9.598522129840000305e-01 1.957271999999999901e+00 1.499998155520000098e-01 2.211824745030851747e-01
9.816145830058999877e-01 1.957271999999999901e+00 1.499999953064999891e-01 2.058907733169854370e-01
9.926183685242999655e-01 1.957271999999999901e+00 1.499994805637999973e-01 1.950200621156006897e-01
7.381276631653999921e-03 1.979475000000000096e+00 1.499995535888999920e-01 1.606182377423875374e-01
1.838565982254000003e-02 1.979475000000000096e+00 1.500003205590000055e-01 1.661077946600722777e-01
4.014837186451999940e-02 1.979475000000000096e+00 1.499995606209000021e-01 1.839651368925205588e-01
7.218311151832000616e-02 1.979475000000000096e+00 1.500001206420999988e-01 1.436806343260864371e-01
1.137752944478999939e-01 1.979475000000000096e+00 1.500005083931000016e-01 1.324165750419894760e-01
1.639952089172999894e-01 1.979475000000000096e+00 1.499996808295999962e-01 1.272971289702809761e-01
2.217203991288999865e-01 1.979475000000000096e+00 1.499998700719999967e-01 1.339966684677404984e-01
2.856614687631999772e-01 1.979475000000000096e+00 1.500000124596999884e-01 1.540343850355282429e-01
3.543913841858000180e-01 1.979475000000000096e+00 1.500000289795999919e-01 1.845169649273734336e-01
4.263733266570000069e-01 1.979475000000000096e+00 1.500003208632000040e-01 2.174811480215664838e-01
4.999996515678999942e-01 1.979475000000000096e+00 1.499999869227000016e-01 2.422556299137469393e-01
5.736269161714000475e-01 1.979475000000000096e+00 1.499999950022999906e-01 2.250516239764857873e-01
6.456088586424999498e-01 1.979475000000000096e+00 1.500002868859000027e-01 2.374135605713630082e-01
7.143387740651999662e-01 1.979475000000000096e+00 1.500003034057000029e-01 2.369396440347742161e-01
7.782801857196000039e-01 1.979475000000000096e+00 1.499995061008999875e-01 2.404210771522408974e-01
8.360053759311999455e-01 1.979475000000000096e+00 1.499996953432000124e-01 2.407929265764051918e-01
8.862249483805000327e-01 1.979475000000000096e+00 1.499998074722999897e-01 2.503786234210064743e-01
9.278161916174999524e-01 1.979475000000000096e+00 1.499998532032000009e-01 2.754390156287833680e-01
9.598522129840000305e-01 1.979475000000000096e+00 1.499998155520000098e-01 2.448631215175330333e-01
9.816145830058999877e-01 1.979475000000000096e+00 1.499999953064999891e-01 2.209412487936476266e-01
9.926183685242999655e-01 1.979475000000000096e+00 1.499994805637999973e-01 2.073505626300884697e-01
7.381276631653999921e-03 1.990607000000000015e+00 1.499995535888999920e-01 1.760846382065619775e-01
1.838565982254000003e-02 1.990607000000000015e+00 1.500003205590000055e-01 1.902194037454099929e-01
4.014837186451999940e-02 1.990607000000000015e+00 1.499995606209000021e-01 2.084170800505291965e-01
7.218311151832000616e-02 1.990607000000000015e+00 1.500001206420999988e-01 1.639493402608659944e-01
1.137752944478999939e-01 1.990607000000000015e+00 1.500005083931000016e-01 1.465823228656273070e-01
1.639952089172999894e-01 1.990607000000000015e+00 1.499996808295999962e-01 1.448974526436751231e-01
2.217203991288999865e-01 1.990607000000000015e+00 1.499998700719999967e-01 1.620925089619261461e-01
2.856614687631999772e-01 1.990607000000000015e+00 1.500000124596999884e-01 1.775164286369669830e-01
3.543913841858000180e-01 1.990607000000000015e+00 1.500000289795999919e-01 2.031315538705828483e-01
4.263733266570000069e-01 1.990607000000000015e+00 1.500003208632000040e-01 2.329476697990505718e-01
4.999996515678999942e-01 1.990607000000000015e+00 1.499999869227000016e-01 2.483542190166377894e-01
5.736269161714000475e-01 1.990607000000000015e+00 1.499999950022999906e-01 2.332273099817566420e-01
6.456088586424999498e-01 1.990607000000000015e+00 1.500002868859000027e-01 2.367355699020708970e-01
7.143387740651999662e-01 1.990607000000000015e+00 1.500003034057000029e-01 2.412736873020435990e-01
7.782801857196000039e-01 1.990607000000000015e+00 1.499995061008999875e-01 2.433951291017777685e-01
8.360053759311999455e-01 1.990607000000000015e+00 1.499996953432000124e-01 2.440682008711320961e-01
8.862249483805000327e-01 1.990607000000000015e+00 1.499998074722999897e-01 2.364994421578757167e-01
9.278161916174999524e-01 1.990607000000000015e+00 1.499998532032000009e-01 2.701212468370412512e-01
9.598522129840000305e-01 1.990607000000000015e+00 1.499998155520000098e-01 2.414234880576651976e-01
9.816145830058999877e-01 1.990607000000000015e+00 1.499999953064999891e-01 2.288366130725017766e-01
9.926183685242999655e-01 1.990607000000000015e+00 1.499994805637999973e-01 2.057936379880023758e-01
